	Z:\Projects\CMB_innosuisse_shoe_oa\project_only\Multi-segment foot marker set project\Data\V3D_new processing\S11\WW\S11_WW-L-0_G_01.c3d	Z:\Projects\CMB_innosuisse_shoe_oa\project_only\Multi-segment foot marker set project\Data\V3D_new processing\S11\WW\S11_WW-L-0_G_01.c3d	Z:\Projects\CMB_innosuisse_shoe_oa\project_only\Multi-segment foot marker set project\Data\V3D_new processing\S11\WW\S11_WW-L-0_G_01.c3d	Z:\Projects\CMB_innosuisse_shoe_oa\project_only\Multi-segment foot marker set project\Data\V3D_new processing\S11\WW\S11_WW-L-0_G_01.c3d	Z:\Projects\CMB_innosuisse_shoe_oa\project_only\Multi-segment foot marker set project\Data\V3D_new processing\S11\WW\S11_WW-L-0_G_01.c3d
	Right_HFSHK_Angle	Right_HFSHK_Angle	Right_HFSHK_Angle	Right_HFSHK_Angle	Right_HFSHK_Angle
	LINK_MODEL_BASED	LINK_MODEL_BASED	LINK_MODEL_BASED	LINK_MODEL_BASED	LINK_MODEL_BASED
	ORIGINAL	ORIGINAL	ORIGINAL	ORIGINAL	ORIGINAL
ITEM	Y	Y	Y	Y	Y
1	-0.362670	-3.233613	-1.481646	-1.644580	-0.745192
2	-1.739638	-3.833139	-2.480477	-2.211502	-1.821475
3	-2.834503	-4.209635	-3.193997	-2.643479	-2.565028
4	-3.625466	-4.417240	-3.641243	-2.947099	-3.012689
5	-4.132021	-4.503530	-3.867383	-3.137195	-3.228704
6	-4.402789	-4.497886	-3.926565	-3.233515	-3.282255
7	-4.497701	-4.411328	-3.870053	-3.255638	-3.232311
8	-4.471117	-4.252545	-3.738897	-3.219395	-3.124179
9	-4.362783	-4.037807	-3.560343	-3.137214	-2.989734
10	-4.199157	-3.784913	-3.350641	-3.019661	-2.848004
11	-3.999056	-3.506153	-3.119893	-2.876468	-2.707119
12	-3.777503	-3.206923	-2.875510	-2.717127	-2.566755
13	-3.544662	-2.890887	-2.625928	-2.548952	-2.425025
14	-3.305468	-2.564889	-2.380947	-2.375216	-2.284160
15	-3.063089	-2.238391	-2.149596	-2.197623	-2.150565
16	-2.822181	-1.921934	-1.940342	-2.019064	-2.032904
17	-2.591157	-1.628612	-1.759263	-1.843698	-1.938899
18	-2.381103	-1.372372	-1.607695	-1.676386	-1.871495
19	-2.201571	-1.161780	-1.483582	-1.523257	-1.827537
20	-2.058600	-0.996743	-1.383630	-1.390996	-1.801147
21	-1.954530	-0.869745	-1.304375	-1.284284	-1.787006
22	-1.886966	-0.768766	-1.242443	-1.204490	-1.780899
23	-1.849145	-0.680506	-1.194629	-1.148939	-1.779608
24	-1.831855	-0.593544	-1.157544	-1.112001	-1.778956
25	-1.825867	-0.499725	-1.126412	-1.088004	-1.773148
26	-1.823389	-0.394280	-1.094188	-1.072210	-1.755433
27	-1.817552	-0.275695	-1.053438	-1.058704	-1.719177
28	-1.801383	-0.143978	-1.000043	-1.040902	-1.661593
29	-1.769207	0.000514	-0.934284	-1.015753	-1.585101
30	-1.718021	0.157461	-0.859248	-0.984166	-1.491665
31	-1.645790	0.326834	-0.779869	-0.948356	-1.383217
32	-1.550892	0.507420	-0.702570	-0.911048	-1.268790
33	-1.435705	0.694163	-0.633914	-0.873859	-1.161634
34	-1.307937	0.880108	-0.577468	-0.834531	-1.070630
35	-1.176783	1.060624	-0.534648	-0.790243	-1.000461
36	-1.050558	1.233068	-0.509243	-0.744543	-0.952954
37	-0.936164	1.395708	-0.504295	-0.705488	-0.924403
38	-0.837962	1.547315	-0.516369	-0.678807	-0.906690
39	-0.756064	1.686509	-0.537587	-0.666272	-0.891955
40	-0.686200	1.811277	-0.561424	-0.666645	-0.873859
41	-0.621112	1.919142	-0.583930	-0.675551	-0.848010
42	-0.552402	2.008304	-0.603056	-0.685965	-0.811810
43	-0.474210	2.078783	-0.619456	-0.691101	-0.763829
44	-0.386357	2.131580	-0.635923	-0.686352	-0.704309
45	-0.293609	2.167124	-0.648337	-0.668584	-0.633756
46	-0.202412	2.183633	-0.638603	-0.634973	-0.555239
47	-0.117423	2.177473	-0.585747	-0.585573	-0.475016
48	-0.040586	2.153287	-0.480543	-0.526697	-0.396863
49	0.030546	2.128294	-0.328180	-0.469192	-0.321042
50	0.102760	2.116452	-0.146557	-0.424639	-0.246281
51	0.184147	2.117754	0.039985	-0.401239	-0.167460
52	0.279354	2.126194	0.210270	-0.403847	-0.082930
53	0.388503	2.136452	0.353115	-0.434147	-0.004770
54	0.508023	2.140354	0.469080	-0.485261	0.051987
55	0.626100	2.124142	0.565854	-0.544366	0.083540
56	0.725964	2.075988	0.651703	-0.601350	0.097475
57	0.798148	1.997072	0.732675	-0.651691	0.105900
58	0.845416	1.901197	0.813445	-0.695672	0.118827
59	0.875408	1.805581	0.896746	-0.736676	0.141776
60	0.893594	1.723491	0.983615	-0.779449	0.176040
61	0.903153	1.661979	1.075161	-0.826919	0.219642
62	0.907167	1.622552	1.173885	-0.878526	0.269517
63	0.911051	1.603946	1.284395	-0.930824	0.323696
64	0.921821	1.604160	1.412222	-0.978047	0.381879
65	0.945081	1.620595	1.561762	-1.013161	0.445305
66	0.983780	1.650242	1.734680	-1.029905	0.514135
67	1.039205	1.690984	1.930334	-1.023965	0.585893
68	1.111262	1.741947	2.146923	-0.992554	0.656722
69	1.198449	1.802975	2.381986	-0.934400	0.723851
70	1.298541	1.874326	2.632689	-0.850954	0.786076
71	1.409558	1.956575	2.895313	-0.745948	0.843251
72	1.529372	2.049991	3.165042	-0.623115	0.896217
73	1.655644	2.154018	3.435746	-0.483582	0.946238
74	1.786722	2.267242	3.700420	-0.326390	0.996289
75	1.921796	2.387988	3.953580	-0.150467	1.051353
76	2.061272	2.515161	4.193640	0.045440	1.117082
77	2.207770	2.648568	4.423347	0.262878	1.198308
78	2.365533	2.788705	4.647917	0.503192	1.298827
79	2.538180	2.936969	4.872292	0.765518	1.422096
80	2.728961	3.095974	5.100319	1.046535	1.571259
81	2.941491	3.269195	5.334394	1.342629	1.750406
82	3.179217	3.460548	5.575253	1.651718	1.965020
83	3.444935	3.674054	5.822788	1.972979	2.218692
84	3.741860	3.913370	6.077010	2.306910	2.511173
85	4.071151	4.181849	6.338972	2.655576	2.840290
86	4.434512	4.482650	6.611085	3.021442	3.204443
87	4.832119	4.818266	6.896897	3.406270	3.604154
88	5.263819	5.189194	7.201288	3.811381	4.042062
89	5.729353	5.595441	7.530131	4.237527	4.520969
90	6.227214	6.034735	7.888227	4.683910	5.041428
91	6.753948	6.505580	8.279789	5.148538	5.600165
92	7.304280	7.003897	8.705102	5.627722	6.191444
93	7.871044	7.523811	9.164671	6.115026	6.809146
94	8.445901	8.058187	9.654493	6.603904	7.446479
95	9.020893	8.599492	10.166730	7.088180	8.096586
96	9.590092	9.140534	10.690216	7.565661	8.754378
97	10.154352	9.674364	11.213128	8.035974	9.416993
98	10.710474	10.195115	11.725732	8.500381	10.082365
99	11.260972	10.699924	12.219641	8.960424	10.749751
100	11.805390	11.183387	12.690344	9.419886	11.407351
101	12.339978	11.646955	13.128130	9.875320	12.048625