	Z:\Projects\CMB_innosuisse_shoe_oa\project_only\Multi-segment foot marker set project\Data\V3D_new processing\S11\WOW\S11_WOW-L-R_G_01.c3d	Z:\Projects\CMB_innosuisse_shoe_oa\project_only\Multi-segment foot marker set project\Data\V3D_new processing\S11\WOW\S11_WOW-L-R_G_01.c3d	Z:\Projects\CMB_innosuisse_shoe_oa\project_only\Multi-segment foot marker set project\Data\V3D_new processing\S11\WOW\S11_WOW-L-R_G_01.c3d	Z:\Projects\CMB_innosuisse_shoe_oa\project_only\Multi-segment foot marker set project\Data\V3D_new processing\S11\WOW\S11_WOW-L-R_G_01.c3d	Z:\Projects\CMB_innosuisse_shoe_oa\project_only\Multi-segment foot marker set project\Data\V3D_new processing\S11\WOW\S11_WOW-L-R_G_01.c3d
	Right_HFSHK_Angle	Right_HFSHK_Angle	Right_HFSHK_Angle	Right_HFSHK_Angle	Right_HFSHK_Angle
	LINK_MODEL_BASED	LINK_MODEL_BASED	LINK_MODEL_BASED	LINK_MODEL_BASED	LINK_MODEL_BASED
	ORIGINAL	ORIGINAL	ORIGINAL	ORIGINAL	ORIGINAL
ITEM	Y	Y	Y	Y	Y
1	-0.791205	0.787188	2.297342	3.171291	2.579869
2	-2.415562	-1.038316	0.335890	0.967140	0.560584
3	-3.831105	-2.632379	-1.469287	-0.911008	-1.341669
4	-4.947670	-3.891415	-2.991990	-2.352758	-2.967994
5	-5.727959	-4.779832	-4.166251	-3.341363	-4.219182
6	-6.189055	-5.326794	-4.990979	-3.934493	-5.071804
7	-6.387085	-5.603185	-5.512802	-4.225211	-5.568060
8	-6.394711	-5.693223	-5.802201	-4.307081	-5.786801
9	-6.281944	-5.672063	-5.933426	-4.253836	-5.812696
10	-6.104623	-5.593882	-5.969317	-4.113733	-5.716059
11	-5.899113	-5.489621	-5.950828	-3.915251	-5.546552
12	-5.683025	-5.371761	-5.895068	-3.675627	-5.334661
13	-5.461203	-5.241712	-5.803177	-3.407830	-5.098282
14	-5.232105	-5.096761	-5.671095	-3.125319	-4.844234
15	-4.993316	-4.935265	-5.497453	-2.843620	-4.581360
16	-4.745495	-4.759839	-5.287602	-2.579102	-4.317904
17	-4.493793	-4.577661	-5.053409	-2.346224	-4.062914
18	-4.246789	-4.398616	-4.810248	-2.154376	-3.825186
19	-4.013698	-4.232548	-4.573724	-2.005806	-3.614552
20	-3.802247	-4.086367	-4.357042	-1.896493	-3.440019
21	-3.616411	-3.962787	-4.168589	-1.819318	-3.307003
22	-3.455523	-3.861362	-4.012058	-1.765560	-3.215465
23	-3.315545	-3.780023	-3.886853	-1.725976	-3.158328
24	-3.190874	-3.715901	-3.786723	-1.693388	-3.124058
25	-3.075040	-3.664332	-3.700892	-1.664204	-3.100684
26	-2.961872	-3.617988	-3.617307	-1.636348	-3.076949
27	-2.847377	-3.568623	-3.525399	-1.606448	-3.043723
28	-2.730163	-3.509836	-3.418351	-1.569163	-2.995426
29	-2.610984	-3.438246	-3.293041	-1.519268	-2.929195
30	-2.491382	-3.352881	-3.149622	-1.454087	-2.844250
31	-2.372471	-3.254079	-2.991646	-1.373937	-2.743825
32	-2.254967	-3.143492	-2.825342	-1.281239	-2.635455
33	-2.139400	-3.024343	-2.657033	-1.178913	-2.528948
34	-2.026028	-2.901139	-2.490816	-1.068218	-2.433599
35	-1.915192	-2.778765	-2.328150	-0.949934	-2.354995
36	-1.807275	-2.660247	-2.169629	-0.828206	-2.293761
37	-1.701921	-2.545367	-2.016883	-0.710526	-2.248332
38	-1.598455	-2.431736	-1.872266	-0.602645	-2.217733
39	-1.496576	-2.316643	-1.737145	-0.504590	-2.200273
40	-1.396623	-2.197875	-1.610995	-0.412121	-2.191677
41	-1.298961	-2.072838	-1.491068	-0.318504	-2.184625
42	-1.203230	-1.938424	-1.372590	-0.214726	-2.169439
43	-1.107875	-1.791952	-1.250504	-0.092916	-2.137702
44	-1.010436	-1.633224	-1.123564	0.047973	-2.085614
45	-0.910462	-1.467224	-0.998020	0.201881	-2.014991
46	-0.813113	-1.304541	-0.885050	0.360481	-1.933467
47	-0.728876	-1.158542	-0.793855	0.515296	-1.852209
48	-0.667429	-1.039366	-0.728900	0.658426	-1.780221
49	-0.634374	-0.951799	-0.689664	0.783691	-1.721181
50	-0.631899	-0.896130	-0.667363	0.887141	-1.675348
51	-0.656608	-0.865070	-0.647676	0.968368	-1.641259
52	-0.702490	-0.848689	-0.618441	1.033577	-1.612510
53	-0.765729	-0.836424	-0.573499	1.089865	-1.577570
54	-0.844784	-0.826886	-0.511377	1.138327	-1.528468
55	-0.939188	-0.819349	-0.433075	1.176476	-1.465654
56	-1.047112	-0.812230	-0.340573	1.202061	-1.395027
57	-1.162726	-0.801826	-0.236196	1.213476	-1.323372
58	-1.276862	-0.785462	-0.123188	1.209671	-1.256305
59	-1.380386	-0.762745	-0.005353	1.191121	-1.198334
60	-1.465855	-0.735228	0.113899	1.159284	-1.153240
61	-1.527336	-0.705052	0.232331	1.117455	-1.122633
62	-1.560942	-0.672668	0.347308	1.071593	-1.105070
63	-1.566998	-0.637488	0.454926	1.028934	-1.096550
64	-1.543696	-0.599748	0.551528	0.994742	-1.092181
65	-1.493680	-0.560060	0.634470	0.972201	-1.087772
66	-1.417801	-0.519594	0.701357	0.963180	-1.080279
67	-1.316133	-0.480505	0.750615	0.972762	-1.067865
68	-1.186224	-0.445144	0.782691	1.001104	-1.049437
69	-1.024632	-0.414493	0.800915	1.048545	-1.024291
70	-0.830283	-0.386227	0.809345	1.113948	-0.991665
71	-0.606513	-0.354802	0.817661	1.195441	-0.950133
72	-0.359258	-0.314359	0.831567	1.291558	-0.897961
73	-0.094485	-0.259980	0.857215	1.401930	-0.834011
74	0.183594	-0.186864	0.898533	1.526799	-0.758030
75	0.473248	-0.090627	0.958423	1.665904	-0.670102
76	0.774068	0.031515	1.040006	1.818486	-0.570082
77	1.085402	0.180568	1.146647	1.984498	-0.457625
78	1.406341	0.356185	1.281515	2.165129	-0.331444
79	1.736638	0.556767	1.447581	2.361335	-0.189273
80	2.076319	0.780161	1.648397	2.571684	-0.029251
81	2.425317	1.024602	1.887571	2.792416	0.148602
82	2.784409	1.288864	2.166933	3.019771	0.342307
83	3.154890	1.571934	2.485327	3.251647	0.549944
84	3.536608	1.871727	2.840188	3.487569	0.770985
85	3.928727	2.185301	3.229185	3.728682	1.006061
86	4.331645	2.511011	3.651135	3.978055	1.255764
87	4.747025	2.848927	4.105878	4.240260	1.520523
88	5.177765	3.199481	4.592616	4.519957	1.801277
89	5.627318	3.562851	5.107869	4.820358	2.099044
90	6.097049	3.938697	5.644821	5.142166	2.413935
91	6.584345	4.325808	6.194494	5.483016	2.746317
92	7.082659	4.721045	6.747499	5.838391	3.097325
93	7.582210	5.119713	7.294328	6.204244	3.467688
94	8.072422	5.516045	7.825053	6.577946	3.857150
95	8.543704	5.903325	8.328953	6.955640	4.264441
96	8.987134	6.273966	8.795574	7.329933	4.687760
97	9.394631	6.620460	9.217851	7.691972	5.123137
98	9.760863	6.937235	9.592959	8.031119	5.562469
99	10.083259	7.221350	9.920444	8.340167	5.993805
100	10.361935	7.471613	10.198344	8.613400	6.403136
101	10.592845	7.686825	10.423409	8.844728	6.775943