	Z:\Projects\CMB_innosuisse_shoe_oa\project_only\Multi-segment foot marker set project\Data\V3D_new processing\S02\WOW\S02_WOW-L-nR_G_01.c3d	Z:\Projects\CMB_innosuisse_shoe_oa\project_only\Multi-segment foot marker set project\Data\V3D_new processing\S02\WOW\S02_WOW-L-nR_G_01.c3d	Z:\Projects\CMB_innosuisse_shoe_oa\project_only\Multi-segment foot marker set project\Data\V3D_new processing\S02\WOW\S02_WOW-L-nR_G_01.c3d	Z:\Projects\CMB_innosuisse_shoe_oa\project_only\Multi-segment foot marker set project\Data\V3D_new processing\S02\WOW\S02_WOW-L-nR_G_01.c3d	Z:\Projects\CMB_innosuisse_shoe_oa\project_only\Multi-segment foot marker set project\Data\V3D_new processing\S02\WOW\S02_WOW-L-nR_G_01.c3d
	Right_HFSHK_Angle	Right_HFSHK_Angle	Right_HFSHK_Angle	Right_HFSHK_Angle	Right_HFSHK_Angle
	LINK_MODEL_BASED	LINK_MODEL_BASED	LINK_MODEL_BASED	LINK_MODEL_BASED	LINK_MODEL_BASED
	ORIGINAL	ORIGINAL	ORIGINAL	ORIGINAL	ORIGINAL
ITEM	Y	Y	Y	Y	Y
1	3.659629	0.304467	2.023331	2.144447	2.925112
2	1.934368	-1.444586	0.392329	0.381524	1.152859
3	0.332024	-2.901322	-1.069262	-1.119528	-0.453141
4	-1.016527	-3.997303	-2.268728	-2.274474	-1.777933
5	-2.039087	-4.736648	-3.170047	-3.076555	-2.778382
6	-2.733248	-5.175147	-3.789834	-3.578252	-3.476931
7	-3.150246	-5.385340	-4.176653	-3.856186	-3.932764
8	-3.364068	-5.430182	-4.386781	-3.981790	-4.209063
9	-3.444213	-5.354383	-4.465787	-4.009339	-4.353944
10	-3.442541	-5.187082	-4.443914	-3.976515	-4.398145
11	-3.390131	-4.950666	-4.342160	-3.904701	-4.360319
12	-3.300332	-4.668623	-4.180248	-3.804155	-4.254620
13	-3.177802	-4.367707	-3.979659	-3.683185	-4.095186
14	-3.029538	-4.075924	-3.762973	-3.550431	-3.896598
15	-2.867300	-3.819350	-3.551290	-3.414378	-3.674922
16	-2.704702	-3.615754	-3.361220	-3.284856	-3.449665
17	-2.552796	-3.469664	-3.203435	-3.172120	-3.241062
18	-2.419338	-3.375634	-3.083545	-3.083896	-3.064860
19	-2.310682	-3.322159	-3.001420	-3.024108	-2.928727
20	-2.228417	-3.296258	-2.950819	-2.991611	-2.830840
21	-2.168823	-3.286994	-2.923783	-2.979323	-2.763414
22	-2.126359	-3.286514	-2.912902	-2.974994	-2.716852
23	-2.096300	-3.289980	-2.911343	-2.968146	-2.681198
24	-2.076063	-3.293874	-2.913556	-2.956111	-2.648870
25	-2.062230	-3.295051	-2.914661	-2.939623	-2.615920
26	-2.050101	-3.289954	-2.911449	-2.918785	-2.578926
27	-2.035056	-3.276052	-2.903690	-2.894442	-2.535099
28	-2.012549	-3.253673	-2.892382	-2.868195	-2.485598
29	-1.980987	-3.223326	-2.877703	-2.841128	-2.433993
30	-1.942935	-3.185717	-2.859740	-2.815066	-2.383926
31	-1.900556	-3.143559	-2.840339	-2.791805	-2.337550
32	-1.853235	-3.100093	-2.822323	-2.771161	-2.294515
33	-1.802244	-3.057845	-2.806113	-2.752392	-2.253063
34	-1.753656	-3.018476	-2.790052	-2.734669	-2.212015
35	-1.714466	-2.981789	-2.773116	-2.717276	-2.170664
36	-1.686915	-2.945444	-2.755826	-2.699059	-2.130250
37	-1.668368	-2.906767	-2.739029	-2.678343	-2.094122
38	-1.656264	-2.863631	-2.722676	-2.653448	-2.065825
39	-1.648977	-2.815063	-2.706615	-2.621946	-2.046859
40	-1.644541	-2.760849	-2.689851	-2.580775	-2.034844
41	-1.641132	-2.699366	-2.670797	-2.527882	-2.026149
42	-1.636005	-2.627608	-2.646849	-2.463163	-2.017739
43	-1.624754	-2.542772	-2.613663	-2.386985	-2.005710
44	-1.601839	-2.443427	-2.567725	-2.299185	-1.984653
45	-1.562818	-2.328975	-2.511582	-2.201909	-1.949706
46	-1.508015	-2.200925	-2.455738	-2.101655	-1.899513
47	-1.444390	-2.068551	-2.410754	-2.008736	-1.840462
48	-1.381719	-1.948089	-2.380825	-1.932245	-1.784779
49	-1.326075	-1.851709	-2.369333	-1.876076	-1.740478
50	-1.280736	-1.782727	-2.378607	-1.840163	-1.709568
51	-1.248825	-1.738957	-2.400425	-1.818736	-1.691187
52	-1.227301	-1.712708	-2.422527	-1.799995	-1.677450
53	-1.206884	-1.692036	-2.439841	-1.774469	-1.656390
54	-1.182158	-1.667021	-2.451591	-1.739146	-1.622999
55	-1.154596	-1.632823	-2.457307	-1.695878	-1.579850
56	-1.128858	-1.589233	-2.455402	-1.649197	-1.531244
57	-1.108526	-1.539220	-2.442183	-1.602053	-1.480493
58	-1.094112	-1.484221	-2.414339	-1.555305	-1.428575
59	-1.084058	-1.422397	-2.371326	-1.509270	-1.373116
60	-1.075475	-1.349854	-2.314677	-1.463389	-1.310002
61	-1.064711	-1.262526	-2.246703	-1.416674	-1.236384
62	-1.050359	-1.160056	-2.168433	-1.368474	-1.151951
63	-1.033291	-1.047182	-2.079314	-1.319020	-1.057992
64	-1.013609	-0.929113	-1.978807	-1.269032	-0.955947
65	-0.990360	-0.808540	-1.868628	-1.218218	-0.846498
66	-0.963513	-0.686609	-1.753231	-1.164845	-0.729446
67	-0.934001	-0.564972	-1.637516	-1.106515	-0.603992
68	-0.900387	-0.445405	-1.524253	-1.040012	-0.469175
69	-0.857174	-0.328291	-1.412731	-0.960272	-0.324305
70	-0.797092	-0.212200	-1.299361	-0.861626	-0.170037
71	-0.713592	-0.095317	-1.180266	-0.740021	-0.008968
72	-0.601968	0.022323	-1.052482	-0.593549	0.155462
73	-0.459662	0.140255	-0.913685	-0.422137	0.320622
74	-0.287569	0.260719	-0.763244	-0.227839	0.485634
75	-0.091384	0.388280	-0.603184	-0.015001	0.651665
76	0.121201	0.527600	-0.436321	0.210485	0.821073
77	0.344385	0.682529	-0.264532	0.442993	0.996554
78	0.576182	0.855895	-0.088580	0.679011	1.180830
79	0.818613	1.049097	0.091546	0.918331	1.376604
80	1.076352	1.262734	0.275764	1.163932	1.587538
81	1.355323	1.498922	0.464943	1.420412	1.818578
82	1.661050	1.761423	0.663691	1.690630	2.073707
83	1.996039	2.053804	0.880541	1.974788	2.354021
84	2.359139	2.377835	1.124705	2.272463	2.659168
85	2.746531	2.731222	1.401876	2.583755	2.988544
86	3.152090	3.108291	1.712560	2.909772	3.341803
87	3.568538	3.502343	2.053675	3.251036	3.718638
88	3.990360	3.906359	2.420935	3.605608	4.116150
89	4.415011	4.313938	2.810481	3.970628	4.527023
90	4.841653	4.718897	3.217543	4.343954	4.942538
91	5.269449	5.114864	3.636295	4.724059	5.356041
92	5.696223	5.496200	4.061382	5.110283	5.762208
93	6.118961	5.859801	4.487414	5.503357	6.155696
94	6.534478	6.205798	4.909306	5.904560	6.533513
95	6.940845	6.536144	5.323661	6.314516	6.896155
96	7.339238	6.852804	5.729479	6.732458	7.245676
97	7.732338	7.157115	6.128411	7.156212	7.584710
98	8.121288	7.450272	6.523711	7.583052	7.917812
99	8.503300	7.732743	6.917876	8.009354	8.250639
100	8.871033	8.002205	7.308620	8.428200	8.585159
101	9.213098	8.252454	7.686243	8.829041	8.916540