	Z:\Projects\CMB_innosuisse_shoe_oa\project_only\Multi-segment foot marker set project\Data\V3D_new processing\S02\WOW\S02_WOW-L-R_G_01.c3d	Z:\Projects\CMB_innosuisse_shoe_oa\project_only\Multi-segment foot marker set project\Data\V3D_new processing\S02\WOW\S02_WOW-L-R_G_01.c3d	Z:\Projects\CMB_innosuisse_shoe_oa\project_only\Multi-segment foot marker set project\Data\V3D_new processing\S02\WOW\S02_WOW-L-R_G_01.c3d	Z:\Projects\CMB_innosuisse_shoe_oa\project_only\Multi-segment foot marker set project\Data\V3D_new processing\S02\WOW\S02_WOW-L-R_G_01.c3d	Z:\Projects\CMB_innosuisse_shoe_oa\project_only\Multi-segment foot marker set project\Data\V3D_new processing\S02\WOW\S02_WOW-L-R_G_01.c3d
	Right_HFSHK_Angle	Right_HFSHK_Angle	Right_HFSHK_Angle	Right_HFSHK_Angle	Right_HFSHK_Angle
	LINK_MODEL_BASED	LINK_MODEL_BASED	LINK_MODEL_BASED	LINK_MODEL_BASED	LINK_MODEL_BASED
	ORIGINAL	ORIGINAL	ORIGINAL	ORIGINAL	ORIGINAL
ITEM	Y	Y	Y	Y	Y
1	2.236110	4.070940	2.854667	2.169312	3.341472
2	0.492664	2.304380	1.188922	0.528383	1.477866
3	-0.941727	0.690893	-0.297382	-0.867898	-0.102991
4	-2.007326	-0.649002	-1.493843	-1.947125	-1.307956
5	-2.726248	-1.662404	-2.354308	-2.705106	-2.126000
6	-3.175156	-2.364665	-2.897005	-3.186880	-2.614288
7	-3.441875	-2.813803	-3.182098	-3.454029	-2.862527
8	-3.594064	-3.077962	-3.281561	-3.563698	-2.957181
9	-3.671915	-3.214002	-3.257925	-3.563351	-2.962804
10	-3.696057	-3.261121	-3.157832	-3.488402	-2.920259
11	-3.676978	-3.242015	-3.013627	-3.361961	-2.851217
12	-3.620881	-3.168008	-2.846316	-3.199700	-2.764514
13	-3.534221	-3.048157	-2.670400	-3.016278	-2.664050
14	-3.426929	-2.896986	-2.497352	-2.827245	-2.555383
15	-3.311165	-2.733238	-2.335707	-2.647773	-2.446818
16	-3.197320	-2.573894	-2.191291	-2.491823	-2.345714
17	-3.092048	-2.431545	-2.067736	-2.368735	-2.256383
18	-2.999069	-2.312582	-1.966175	-2.280044	-2.181015
19	-2.920984	-2.216423	-1.884592	-2.219384	-2.119050
20	-2.859754	-2.137828	-1.817682	-2.176035	-2.066770
21	-2.814522	-2.070094	-1.758729	-2.141463	-2.018826
22	-2.781332	-2.007439	-1.702485	-2.113003	-1.970631
23	-2.755537	-1.947394	-1.645680	-2.092148	-1.919923
24	-2.733308	-1.890613	-1.586928	-2.080823	-1.866923
25	-2.711252	-1.836636	-1.526911	-2.078346	-1.813141
26	-2.686833	-1.782913	-1.465983	-2.080483	-1.759346
27	-2.658724	-1.726976	-1.403532	-2.079877	-1.705757
28	-2.626244	-1.667471	-1.339274	-2.070488	-1.652468
29	-2.589097	-1.603583	-1.274015	-2.051982	-1.598143
30	-2.547131	-1.534753	-1.209503	-2.026169	-1.540999
31	-2.499804	-1.461615	-1.147688	-1.993134	-1.480656
32	-2.446411	-1.385963	-1.089682	-1.952506	-1.418257
33	-2.386741	-1.310479	-1.034685	-1.905997	-1.355209
34	-2.321612	-1.237802	-0.980996	-1.856345	-1.292611
35	-2.253054	-1.168915	-0.927313	-1.806662	-1.231322
36	-2.183596	-1.103184	-0.872441	-1.760241	-1.171293
37	-2.115478	-1.038945	-0.814933	-1.717496	-1.111497
38	-2.050578	-0.974775	-0.754059	-1.677231	-1.050387
39	-1.990407	-0.909963	-0.691543	-1.638079	-0.986234
40	-1.934447	-0.843479	-0.631049	-1.596734	-0.918124
41	-1.880021	-0.773535	-0.575396	-1.548530	-0.846488
42	-1.823344	-0.697228	-0.524992	-1.491299	-0.772783
43	-1.759358	-0.610762	-0.478319	-1.425961	-0.698100
44	-1.683098	-0.512359	-0.432627	-1.351594	-0.622005
45	-1.593112	-0.405005	-0.384602	-1.266296	-0.545176
46	-1.494837	-0.297791	-0.331145	-1.174703	-0.473713
47	-1.397325	-0.203282	-0.273723	-1.086750	-0.416709
48	-1.307274	-0.129686	-0.220476	-1.007694	-0.379741
49	-1.231220	-0.081051	-0.179180	-0.938592	-0.363027
50	-1.174557	-0.058885	-0.151698	-0.879825	-0.359922
51	-1.134326	-0.056868	-0.136393	-0.826612	-0.356751
52	-1.102203	-0.060191	-0.125605	-0.771230	-0.343244
53	-1.072183	-0.054994	-0.106123	-0.708210	-0.319278
54	-1.041762	-0.035394	-0.069678	-0.634820	-0.289197
55	-1.010691	-0.002785	-0.016231	-0.549869	-0.256861
56	-0.978962	0.038203	0.050046	-0.452069	-0.221974
57	-0.945091	0.083484	0.123319	-0.339288	-0.180605
58	-0.905646	0.129919	0.198955	-0.209963	-0.130419
59	-0.856774	0.176299	0.274946	-0.064584	-0.072635
60	-0.796660	0.222805	0.351529	0.094244	-0.009182
61	-0.724383	0.269795	0.429940	0.262620	0.059460
62	-0.638327	0.318317	0.512164	0.435995	0.133857
63	-0.537212	0.370142	0.600134	0.610032	0.215189
64	-0.420410	0.428074	0.694551	0.781449	0.305018
65	-0.287063	0.495807	0.795468	0.947863	0.405290
66	-0.136504	0.576462	0.903632	1.107355	0.518299
67	0.030655	0.672181	1.019561	1.258593	0.646275
68	0.211586	0.785623	1.142873	1.400999	0.790054
69	0.402393	0.919156	1.273508	1.535125	0.949999
70	0.600185	1.073510	1.412526	1.663638	1.127942
71	0.803945	1.247391	1.561746	1.790903	1.325811
72	1.014075	1.437636	1.722643	1.921492	1.543258
73	1.230663	1.639803	1.894479	2.058455	1.777237
74	1.452210	1.848672	2.073917	2.202480	2.023797
75	1.676437	2.060116	2.257407	2.352559	2.279163
76	1.902182	2.272151	2.443594	2.507990	2.539675
77	2.131598	2.483915	2.634095	2.669468	2.801894
78	2.369328	2.696236	2.833164	2.839264	3.063962
79	2.618613	2.912562	3.045664	3.020612	3.327386
80	2.880641	3.137817	3.275846	3.217022	3.596373
81	3.156753	3.378557	3.527124	3.432469	3.876943
82	3.448677	3.642246	3.801471	3.669647	4.176242
83	3.758413	3.933927	4.097841	3.928188	4.498374
84	4.089229	4.254779	4.414748	4.206236	4.842391
85	4.444201	4.602805	4.751569	4.501683	5.205098
86	4.822859	4.974656	5.106351	4.812484	5.583326
87	5.220862	5.366783	5.476178	5.135767	5.974034
88	5.631464	5.774829	5.858495	5.467607	6.374578
89	6.046653	6.193291	6.250023	5.805012	6.781229
90	6.457840	6.616582	6.647496	6.147647	7.188726
91	6.857612	7.039911	7.049206	6.496461	7.591484
92	7.241743	7.459865	7.454375	6.851308	7.984455
93	7.609797	7.873807	7.861934	7.210601	8.363242
94	7.964218	8.278981	8.270224	7.572183	8.724722
95	8.308340	8.673420	8.676917	7.933531	9.069388
96	8.646149	9.057237	9.079699	8.292879	9.401793
97	8.983275	9.433397	9.477958	8.649511	9.728343
98	9.325516	9.806602	9.872969	9.002181	10.054567
99	9.676326	10.179646	10.265016	9.347229	10.382765
100	10.033774	10.550865	10.649965	9.678390	10.709086
101	10.388229	10.912610	11.017816	9.987323	11.021975