	Z:\Projects\CMB_innosuisse_shoe_oa\project_only\Multi-segment foot marker set project\Data\V3D_new processing\S01\WW\S01_WW-L-0_G_02.c3d	Z:\Projects\CMB_innosuisse_shoe_oa\project_only\Multi-segment foot marker set project\Data\V3D_new processing\S01\WW\S01_WW-L-0_G_02.c3d	Z:\Projects\CMB_innosuisse_shoe_oa\project_only\Multi-segment foot marker set project\Data\V3D_new processing\S01\WW\S01_WW-L-0_G_02.c3d	Z:\Projects\CMB_innosuisse_shoe_oa\project_only\Multi-segment foot marker set project\Data\V3D_new processing\S01\WW\S01_WW-L-0_G_02.c3d	Z:\Projects\CMB_innosuisse_shoe_oa\project_only\Multi-segment foot marker set project\Data\V3D_new processing\S01\WW\S01_WW-L-0_G_02.c3d
	Right_HFSHK_Angle	Right_HFSHK_Angle	Right_HFSHK_Angle	Right_HFSHK_Angle	Right_HFSHK_Angle
	LINK_MODEL_BASED	LINK_MODEL_BASED	LINK_MODEL_BASED	LINK_MODEL_BASED	LINK_MODEL_BASED
	ORIGINAL	ORIGINAL	ORIGINAL	ORIGINAL	ORIGINAL
ITEM	Y	Y	Y	Y	Y
1	-2.457517	-2.129247	-1.935891	-3.259341	-2.449987
2	-3.103084	-2.826847	-2.725530	-3.913852	-3.260989
3	-3.697719	-3.448254	-3.434059	-4.474912	-4.007449
4	-4.212768	-3.967560	-4.041192	-4.911839	-4.664106
5	-4.619281	-4.368686	-4.531471	-5.209116	-5.209300
6	-4.906960	-4.648542	-4.896412	-5.365296	-5.634184
7	-5.072590	-4.808272	-5.134826	-5.395229	-5.935874
8	-5.124495	-4.859571	-5.259365	-5.323544	-6.120043
9	-5.078979	-4.827757	-5.284825	-5.179409	-6.202272
10	-4.956972	-4.734166	-5.232779	-4.990975	-6.198357
11	-4.780105	-4.597750	-5.127025	-4.782233	-6.127905
12	-4.568244	-4.435407	-4.985673	-4.571409	-6.010513
13	-4.337831	-4.262703	-4.824978	-4.370572	-5.864514
14	-4.103538	-4.090691	-4.658090	-4.186491	-5.706286
15	-3.869559	-3.923771	-4.495308	-4.022274	-5.550127
16	-3.647594	-3.767148	-4.343832	-3.879411	-5.408458
17	-3.443049	-3.624607	-4.208477	-3.757749	-5.291067
18	-3.264432	-3.494805	-4.091488	-3.647837	-5.203761
19	-3.110258	-3.379813	-3.992997	-3.557923	-5.147500
20	-2.986371	-3.280972	-3.919123	-3.486823	-5.121665
21	-2.897290	-3.198094	-3.872564	-3.430192	-5.122706
22	-2.844182	-3.131348	-3.854979	-3.389463	-5.153454
23	-2.821993	-3.081225	-3.867543	-3.362499	-5.202110
24	-2.820680	-3.047054	-3.908321	-3.346600	-5.275313
25	-2.830055	-3.027425	-3.972952	-3.338737	-5.364529
26	-2.841798	-3.021756	-4.054687	-3.336430	-5.465627
27	-2.848383	-3.029737	-4.146755	-3.338247	-5.574244
28	-2.843525	-3.049809	-4.244029	-3.343844	-5.687254
29	-2.822875	-3.080072	-4.342893	-3.353759	-5.801526
30	-2.784860	-3.118082	-4.440502	-3.369727	-5.914434
31	-2.732119	-3.159800	-4.534233	-3.395004	-6.024623
32	-2.670840	-3.201115	-4.621784	-3.433659	-6.131199
33	-2.608438	-3.238844	-4.699661	-3.488966	-6.233798
34	-2.551489	-3.271275	-4.766433	-3.561347	-6.330053
35	-2.504038	-3.299466	-4.821195	-3.648741	-6.417818
36	-2.467057	-3.326843	-4.863267	-3.749656	-6.495705
37	-2.438603	-3.356618	-4.893608	-3.863688	-6.564007
38	-2.414580	-3.388558	-4.913637	-3.988424	-6.624967
39	-2.390005	-3.416443	-4.924985	-4.116999	-6.681033
40	-2.360758	-3.427889	-4.927801	-4.238065	-6.732817
41	-2.323950	-3.405414	-4.920796	-4.342072	-6.778337
42	-2.275757	-3.327757	-4.901386	-4.424170	-6.813058
43	-2.210955	-3.171798	-4.871109	-4.473962	-6.830768
44	-2.125497	-2.916983	-4.826411	-4.489995	-6.825120
45	-2.019612	-2.552706	-4.768083	-4.476592	-6.790977
46	-1.901837	-2.086573	-4.700576	-4.441103	-6.725411
47	-1.790955	-1.550074	-4.631853	-4.394659	-6.629080
48	-1.708411	-1.000911	-4.569764	-4.347281	-6.507964
49	-1.666155	-0.520174	-4.517433	-4.309184	-6.374429
50	-1.661189	-0.201095	-4.472210	-4.292992	-6.244871
51	-1.679630	-0.098908	-4.429355	-4.315379	-6.132763
52	-1.704460	-0.200403	-4.390051	-4.383520	-6.044185
53	-1.722677	-0.449013	-4.359592	-4.494056	-5.982689
54	-1.730417	-0.771693	-4.352782	-4.625993	-5.955326
55	-1.733019	-1.094419	-4.368383	-4.757229	-5.963464
56	-1.740793	-1.360746	-4.392361	-4.873351	-5.995826
57	-1.763846	-1.541929	-4.406838	-4.970608	-6.026574
58	-1.808360	-1.632475	-4.404596	-5.044596	-6.035063
59	-1.876392	-1.640908	-4.380126	-5.095160	-6.010992
60	-1.967302	-1.583639	-4.329302	-5.122972	-5.952287
61	-2.078580	-1.480813	-4.252270	-5.129542	-5.859831
62	-2.206305	-1.351575	-4.153489	-5.117045	-5.741674
63	-2.346576	-1.209403	-4.036474	-5.088229	-5.603574
64	-2.496507	-1.062551	-3.904989	-5.046119	-5.452501
65	-2.654491	-0.917851	-3.763105	-4.993981	-5.293888
66	-2.818812	-0.780972	-3.615374	-4.935083	-5.131629
67	-2.985672	-0.655128	-3.466574	-4.872078	-4.968022
68	-3.149543	-0.541135	-3.320589	-4.806915	-4.806484
69	-3.308073	-0.438444	-3.180133	-4.741295	-4.645510
70	-3.453418	-0.342889	-3.047174	-4.677084	-4.485203
71	-3.580469	-0.253999	-2.923102	-4.616391	-4.325030
72	-3.684068	-0.169855	-2.808507	-4.560803	-4.163418
73	-3.760028	-0.088360	-2.703221	-4.512148	-3.999038
74	-3.805565	-0.010343	-2.606530	-4.470916	-3.828844
75	-3.815304	0.063492	-2.517353	-4.434727	-3.652775
76	-3.789249	0.133233	-2.434395	-4.403913	-3.473369
77	-3.725712	0.199756	-2.356260	-4.374977	-3.282444
78	-3.624092	0.264931	-2.283181	-4.343584	-3.082906
79	-3.485498	0.331911	-2.209812	-4.304944	-2.873762
80	-3.312626	0.405183	-2.137588	-4.254205	-2.655534
81	-3.108128	0.489561	-2.064199	-4.187039	-2.429845
82	-2.876081	0.588319	-1.986340	-4.100896	-2.199084
83	-2.621789	0.702764	-1.899436	-3.994472	-1.967205
84	-2.358541	0.833085	-1.798528	-3.868809	-1.731832
85	-2.093379	0.977302	-1.679033	-3.720770	-1.495914
86	-1.830985	1.140203	-1.536948	-3.552384	-1.258670
87	-1.567215	1.317624	-1.368615	-3.364998	-1.019043
88	-1.298352	1.508447	-1.170939	-3.159797	-0.776409
89	-1.018551	1.711458	-0.941562	-2.936214	-0.530018
90	-0.722885	1.926535	-0.682454	-2.691885	-0.277300
91	-0.405780	2.153399	-0.389285	-2.424264	-0.014496
92	-0.059813	2.390497	-0.067692	-2.131630	0.261011
93	0.322839	2.635272	0.278026	-1.813056	0.549899
94	0.746355	2.885627	0.643074	-1.467931	0.852128
95	1.208861	3.141292	1.023663	-1.096165	1.168070
96	1.703168	3.402785	1.416607	-0.698207	1.498044
97	2.221292	3.668683	1.818303	-0.274365	1.841417
98	2.745749	3.936045	2.223794	0.173806	2.195235
99	3.269917	4.201556	2.626514	0.646062	2.551495
100	3.784288	4.462403	3.019825	1.130293	2.903985
101	4.282032	4.716756	3.398226	1.619189	3.235381