	Z:\Projects\CMB_innosuisse_shoe_oa\project_only\Multi-segment foot marker set project\Data\V3D_new processing\S01\WOW\S01_WOW-L-nR_G_02.c3d	Z:\Projects\CMB_innosuisse_shoe_oa\project_only\Multi-segment foot marker set project\Data\V3D_new processing\S01\WOW\S01_WOW-L-nR_G_02.c3d	Z:\Projects\CMB_innosuisse_shoe_oa\project_only\Multi-segment foot marker set project\Data\V3D_new processing\S01\WOW\S01_WOW-L-nR_G_02.c3d	Z:\Projects\CMB_innosuisse_shoe_oa\project_only\Multi-segment foot marker set project\Data\V3D_new processing\S01\WOW\S01_WOW-L-nR_G_02.c3d	Z:\Projects\CMB_innosuisse_shoe_oa\project_only\Multi-segment foot marker set project\Data\V3D_new processing\S01\WOW\S01_WOW-L-nR_G_02.c3d
	Right_HFSHK_Angle	Right_HFSHK_Angle	Right_HFSHK_Angle	Right_HFSHK_Angle	Right_HFSHK_Angle
	LINK_MODEL_BASED	LINK_MODEL_BASED	LINK_MODEL_BASED	LINK_MODEL_BASED	LINK_MODEL_BASED
	ORIGINAL	ORIGINAL	ORIGINAL	ORIGINAL	ORIGINAL
ITEM	Y	Y	Y	Y	Y
1	0.439238	1.897283	1.718935	1.078843	1.875534
2	-0.531588	1.096611	0.437722	-0.035322	1.461033
3	-1.531273	0.202237	-0.861516	-1.150016	0.958520
4	-2.491326	-0.719459	-2.099686	-2.206420	0.380713
5	-3.356804	-1.609511	-3.210474	-3.159663	-0.249301
6	-4.090434	-2.421030	-4.146940	-3.980491	-0.899265
7	-4.674081	-3.124038	-4.885174	-4.655262	-1.533241
8	-5.106945	-3.705134	-5.421211	-5.182353	-2.118765
9	-5.399846	-4.161473	-5.765364	-5.566882	-2.632106
10	-5.569809	-4.496446	-5.938293	-5.817572	-3.059317
11	-5.636336	-4.716730	-5.968289	-5.946095	-3.394458
12	-5.619202	-4.829905	-5.888864	-5.967494	-3.636750
13	-5.536869	-4.844740	-5.735517	-5.900732	-3.788416
14	-5.405285	-4.773133	-5.541459	-5.768143	-3.854316
15	-5.237795	-4.631258	-5.333913	-5.593142	-3.842748
16	-5.046207	-4.438619	-5.131762	-5.397047	-3.765945
17	-4.841601	-4.216119	-4.945501	-5.196247	-3.638815
18	-4.634237	-3.983616	-4.779637	-5.001418	-3.476823
19	-4.433200	-3.757482	-4.636018	-4.818925	-3.294402
20	-4.246333	-3.549313	-4.515879	-4.652671	-3.104473
21	-4.080124	-3.366767	-4.420467	-4.505323	-2.918495
22	-3.939627	-3.215243	-4.350787	-4.379174	-2.746163
23	-3.828037	-3.098500	-4.307292	-4.276552	-2.595263
24	-3.746523	-3.018369	-4.289128	-4.198921	-2.471553
25	-3.694560	-2.974581	-4.293224	-4.145746	-2.378749
26	-3.670238	-2.965125	-4.314350	-4.114487	-2.318751
27	-3.670128	-2.986567	-4.346188	-4.101401	-2.291853
28	-3.689489	-3.034178	-4.381918	-4.102128	-2.296426
29	-3.722323	-3.101848	-4.413989	-4.111821	-2.328483
30	-3.761196	-3.181493	-4.434680	-4.125244	-2.381421
31	-3.797583	-3.263468	-4.438083	-4.137261	-2.446618
32	-3.823247	-3.338732	-4.421505	-4.143780	-2.515354
33	-3.831913	-3.400615	-4.385059	-4.142459	-2.580904
34	-3.820910	-3.445770	-4.331299	-4.132144	-2.638879
35	-3.792213	-3.474263	-4.264657	-4.112041	-2.686610
36	-3.752210	-3.489023	-4.189739	-4.082416	-2.722544
37	-3.708938	-3.494662	-4.110090	-4.045032	-2.745663
38	-3.668084	-3.496542	-4.028483	-4.002259	-2.755397
39	-3.631828	-3.499557	-3.947295	-3.956627	-2.751887
40	-3.599954	-3.506501	-3.867884	-3.910608	-2.735919
41	-3.570582	-3.517342	-3.789281	-3.865748	-2.708951
42	-3.541489	-3.530073	-3.707930	-3.821726	-2.673519
43	-3.512461	-3.541677	-3.619578	-3.776249	-2.632794
44	-3.481190	-3.550148	-3.520921	-3.726256	-2.589052
45	-3.447581	-3.555380	-3.411356	-3.669253	-2.543164
46	-3.412735	-3.559490	-3.288147	-3.605085	-2.494453
47	-3.380574	-3.566359	-3.154896	-3.532143	-2.442911
48	-3.355596	-3.578552	-3.020730	-3.452904	-2.394234
49	-3.341338	-3.598853	-2.896171	-3.373190	-2.353710
50	-3.340166	-3.630054	-2.787636	-3.298938	-2.327190
51	-3.352782	-3.671327	-2.696920	-3.233348	-2.321466
52	-3.377415	-3.716287	-2.621330	-3.178014	-2.340952
53	-3.410426	-3.757820	-2.553771	-3.133856	-2.380800
54	-3.448158	-3.792007	-2.487648	-3.099108	-2.435401
55	-3.491828	-3.816746	-2.420339	-3.069777	-2.500400
56	-3.541523	-3.830745	-2.349498	-3.042508	-2.571727
57	-3.596838	-3.834332	-2.274051	-3.017630	-2.644699
58	-3.656245	-3.828577	-2.192797	-2.994454	-2.715243
59	-3.717143	-3.814861	-2.104359	-2.974159	-2.780205
60	-3.774999	-3.793811	-2.008511	-2.958495	-2.836412
61	-3.824462	-3.764654	-1.907060	-2.948584	-2.880409
62	-3.860965	-3.725299	-1.802775	-2.944125	-2.909066
63	-3.881118	-3.673790	-1.698761	-2.943409	-2.920419
64	-3.882665	-3.609608	-1.598363	-2.943693	-2.914042
65	-3.864652	-3.534494	-1.504829	-2.941834	-2.890452
66	-3.827863	-3.452076	-1.421012	-2.934621	-2.850955
67	-3.774855	-3.366197	-1.348942	-2.919076	-2.797609
68	-3.709565	-3.279792	-1.289774	-2.892938	-2.732352
69	-3.635807	-3.194893	-1.243819	-2.854949	-2.656283
70	-3.555697	-3.112725	-1.210170	-2.805172	-2.569434
71	-3.469239	-3.033806	-1.186460	-2.744334	-2.470928
72	-3.374521	-2.957884	-1.169619	-2.672826	-2.359355
73	-3.268677	-2.883633	-1.155895	-2.590216	-2.233125
74	-3.148598	-2.808590	-1.141253	-2.495943	-2.090977
75	-3.011106	-2.729643	-1.121568	-2.389387	-1.932546
76	-2.853492	-2.643960	-1.092446	-2.269631	-1.758321
77	-2.674197	-2.548942	-1.049491	-2.135281	-1.569363
78	-2.473121	-2.442352	-0.989202	-1.985054	-1.367252
79	-2.251354	-2.322439	-0.909467	-1.818259	-1.153794
80	-2.010917	-2.187774	-0.808573	-1.634725	-0.931029
81	-1.754145	-2.037369	-0.684591	-1.434458	-0.700864
82	-1.483051	-1.870839	-0.535659	-1.217801	-0.464805
83	-1.198996	-1.688190	-0.360536	-0.985707	-0.223403
84	-0.903163	-1.489236	-0.158795	-0.739389	0.024688
85	-0.596627	-1.274221	0.068662	-0.479518	0.282242
86	-0.279545	-1.044175	0.320269	-0.205805	0.552189
87	0.049132	-0.800119	0.595173	0.082262	0.836815
88	0.391608	-0.542883	0.893718	0.384722	1.137874
89	0.750650	-0.273077	1.216467	0.700908	1.456553
90	1.128866	0.009287	1.563102	1.029698	1.793397
91	1.527943	0.304773	1.932084	1.369193	2.148191
92	1.947778	0.614338	2.320460	1.717049	2.519807
93	2.385144	0.938216	2.723837	2.070917	2.905484
94	2.833821	1.275144	3.136384	2.428084	3.301113
95	3.285838	1.622605	3.550359	2.785305	3.700952
96	3.732642	1.977045	3.955672	3.138462	4.097522
97	4.165895	2.334227	4.340764	3.482688	4.482218
98	4.578279	2.689385	4.694348	3.811814	4.846760
99	4.964107	3.038040	5.007052	4.117877	5.183613
100	5.318980	3.376337	5.272140	4.391093	5.486133
101	5.639065	3.700452	5.485108	4.620501	5.748743