	Z:\Projects\CMB_innosuisse_shoe_oa\project_only\Multi-segment foot marker set project\Data\V3D_new processing\S03\WOW\S03_WOW-L-nR_G_01.c3d	Z:\Projects\CMB_innosuisse_shoe_oa\project_only\Multi-segment foot marker set project\Data\V3D_new processing\S03\WOW\S03_WOW-L-nR_G_01.c3d	Z:\Projects\CMB_innosuisse_shoe_oa\project_only\Multi-segment foot marker set project\Data\V3D_new processing\S03\WOW\S03_WOW-L-nR_G_01.c3d	Z:\Projects\CMB_innosuisse_shoe_oa\project_only\Multi-segment foot marker set project\Data\V3D_new processing\S03\WOW\S03_WOW-L-nR_G_01.c3d	Z:\Projects\CMB_innosuisse_shoe_oa\project_only\Multi-segment foot marker set project\Data\V3D_new processing\S03\WOW\S03_WOW-L-nR_G_01.c3d
	Right_HFSHK_Angle	Right_HFSHK_Angle	Right_HFSHK_Angle	Right_HFSHK_Angle	Right_HFSHK_Angle
	LINK_MODEL_BASED	LINK_MODEL_BASED	LINK_MODEL_BASED	LINK_MODEL_BASED	LINK_MODEL_BASED
	ORIGINAL	ORIGINAL	ORIGINAL	ORIGINAL	ORIGINAL
ITEM	Y	Y	Y	Y	Y
1	4.475669	2.862483	0.447434	0.245436	2.297360
2	3.330761	1.733328	-0.938971	-1.053439	1.049008
3	2.225883	0.651186	-2.192643	-2.156379	-0.132335
4	1.230876	-0.322225	-3.248806	-3.026961	-1.184581
5	0.397826	-1.144658	-4.076112	-3.662636	-2.067687
6	-0.248553	-1.798267	-4.675363	-4.087990	-2.768729
7	-0.711865	-2.287110	-5.071360	-4.344089	-3.297896
8	-1.016582	-2.629109	-5.303596	-4.478135	-3.679411
9	-1.197119	-2.848514	-5.416942	-4.535351	-3.942494
10	-1.288592	-2.970358	-5.452499	-4.552464	-4.114573
11	-1.321554	-3.016374	-5.441165	-4.554118	-4.217158
12	-1.321061	-3.004005	-5.401202	-4.553054	-4.264829
13	-1.307116	-2.947744	-5.340694	-4.552876	-4.267117
14	-1.294038	-2.860522	-5.262655	-4.551354	-4.230786
15	-1.290370	-2.754202	-5.168111	-4.543466	-4.160720
16	-1.299585	-2.639601	-5.057469	-4.524807	-4.060844
17	-1.320772	-2.526369	-4.932201	-4.494596	-3.936578
18	-1.350094	-2.422904	-4.796549	-4.455786	-3.796155
19	-1.383280	-2.335900	-4.656479	-4.413535	-3.649631
20	-1.416869	-2.269932	-4.519863	-4.371220	-3.507299
21	-1.448665	-2.227844	-4.397179	-4.335187	-3.378408
22	-1.478491	-2.210585	-4.294216	-4.308217	-3.270423
23	-1.507692	-2.216471	-4.214659	-4.290329	-3.188123
24	-1.538064	-2.241762	-4.156627	-4.280274	-3.132627
25	-1.571663	-2.281845	-4.115340	-4.275624	-3.101139
26	-1.610112	-2.331645	-4.085550	-4.274024	-3.087726
27	-1.653859	-2.386138	-4.062030	-4.273811	-3.084708
28	-1.701326	-2.441003	-4.039897	-4.273778	-3.085020
29	-1.748009	-2.492111	-4.015354	-4.272759	-3.083265
30	-1.787958	-2.535343	-3.985405	-4.268961	-3.074647
31	-1.817295	-2.567393	-3.946959	-4.259183	-3.054899
32	-1.835414	-2.585897	-3.896931	-4.239818	-3.021372
33	-1.843670	-2.589336	-3.833543	-4.209031	-2.973237
34	-1.843757	-2.577779	-3.756192	-4.169456	-2.910751
35	-1.836956	-2.553410	-3.664706	-4.121092	-2.835298
36	-1.824919	-2.520355	-3.559653	-4.064728	-2.750081
37	-1.810859	-2.483485	-3.443113	-4.002169	-2.659645
38	-1.797871	-2.447508	-3.318867	-3.935427	-2.568414
39	-1.786788	-2.416502	-3.191861	-3.866340	-2.479794
40	-1.777623	-2.393001	-3.066725	-3.793977	-2.395476
41	-1.771285	-2.377163	-2.946515	-3.715056	-2.315089
42	-1.769058	-2.367084	-2.833707	-3.626094	-2.236589
43	-1.770919	-2.359951	-2.728902	-3.524266	-2.156472
44	-1.774802	-2.352956	-2.628808	-3.407055	-2.070057
45	-1.777528	-2.343899	-2.532651	-3.272537	-1.973409
46	-1.775741	-2.331582	-2.437815	-3.121378	-1.865358
47	-1.767703	-2.316498	-2.342726	-2.959527	-1.747537
48	-1.756605	-2.302183	-2.245272	-2.797619	-1.624666
49	-1.750759	-2.295452	-2.144621	-2.646014	-1.505350
50	-1.758644	-2.303921	-2.044985	-2.511434	-1.400848
51	-1.785542	-2.332126	-1.956067	-2.397432	-1.321530
52	-1.834065	-2.379113	-1.889407	-2.304859	-1.272472
53	-1.903791	-2.439340	-1.854669	-2.231570	-1.253163
54	-1.989802	-2.504524	-1.856571	-2.172596	-1.261542
55	-2.083894	-2.566061	-1.892072	-2.120428	-1.293381
56	-2.178994	-2.618520	-1.950809	-2.067886	-1.340679
57	-2.271498	-2.660366	-2.018888	-2.011333	-1.395761
58	-2.359860	-2.691874	-2.083863	-1.949751	-1.453612
59	-2.442390	-2.713430	-2.137503	-1.882696	-1.510203
60	-2.515172	-2.724206	-2.174565	-1.810228	-1.561379
61	-2.572565	-2.721607	-2.191881	-1.734201	-1.603679
62	-2.609690	-2.702318	-2.188692	-1.657905	-1.635139
63	-2.624040	-2.664601	-2.167587	-1.583819	-1.655165
64	-2.615572	-2.608977	-2.133816	-1.512288	-1.663989
65	-2.585811	-2.537289	-2.091461	-1.441626	-1.662386
66	-2.536436	-2.452099	-2.040865	-1.368975	-1.651161
67	-2.468564	-2.356630	-1.979475	-1.292132	-1.629420
68	-2.382780	-2.254520	-1.903596	-1.210719	-1.593978
69	-2.279441	-2.149350	-1.809822	-1.124323	-1.540621
70	-2.158773	-2.043988	-1.696575	-1.031094	-1.465846
71	-2.020587	-1.939615	-1.565090	-0.929171	-1.367823
72	-1.864955	-1.835698	-1.418452	-0.817772	-1.246636
73	-1.693591	-1.731185	-1.260098	-0.696674	-1.104491
74	-1.509420	-1.625218	-1.093032	-0.566024	-0.945443
75	-1.315451	-1.516988	-0.919942	-0.427067	-0.774352
76	-1.114330	-1.405595	-0.743175	-0.282073	-0.596034
77	-0.908060	-1.289950	-0.564569	-0.133117	-0.414637
78	-0.698270	-1.168725	-0.385262	0.018923	-0.232758
79	-0.486406	-1.040303	-0.205226	0.174560	-0.050606
80	-0.273809	-0.902229	-0.022465	0.335775	0.133838
81	-0.061235	-0.752013	0.166019	0.505922	0.323741
82	0.150979	-0.587839	0.363012	0.688499	0.521488
83	0.362054	-0.409206	0.570380	0.885742	0.727767
84	0.572276	-0.217031	0.788253	1.098702	0.942088
85	0.784663	-0.013152	1.015777	1.327444	1.164434
86	1.004107	0.200757	1.252639	1.570806	1.395682
87	1.234791	0.423725	1.499612	1.826799	1.637120
88	1.479133	0.654936	1.757260	2.093383	1.889816
89	1.737951	0.893425	2.026107	2.369473	2.154281
90	2.011100	1.138273	2.306852	2.654719	2.431051
91	2.297720	1.389020	2.600385	2.949092	2.721231
92	2.597164	1.646134	2.908075	3.252579	3.026189
93	2.909258	1.910781	3.231935	3.565213	3.347006
94	3.234036	2.184376	3.573874	3.887313	3.684371
95	3.570493	2.468414	3.934541	4.219204	4.038321
96	3.916443	2.764717	4.313635	4.560834	4.407924
97	4.269131	3.075158	4.707374	4.910767	4.791828
98	4.625179	3.401413	5.117056	5.265556	5.188387
99	4.980068	3.744283	5.541487	5.619386	5.595367
100	5.328914	4.103141	5.978826	5.964767	6.009282
101	5.667178	4.475187	6.424346	6.294226	6.424489