	Z:\Projects\CMB_innosuisse_shoe_oa\project_only\Multi-segment foot marker set project\Data\V3D_new processing\S03\WOW\S03_WOW-L-R_G_01.c3d	Z:\Projects\CMB_innosuisse_shoe_oa\project_only\Multi-segment foot marker set project\Data\V3D_new processing\S03\WOW\S03_WOW-L-R_G_01.c3d	Z:\Projects\CMB_innosuisse_shoe_oa\project_only\Multi-segment foot marker set project\Data\V3D_new processing\S03\WOW\S03_WOW-L-R_G_01.c3d	Z:\Projects\CMB_innosuisse_shoe_oa\project_only\Multi-segment foot marker set project\Data\V3D_new processing\S03\WOW\S03_WOW-L-R_G_01.c3d	Z:\Projects\CMB_innosuisse_shoe_oa\project_only\Multi-segment foot marker set project\Data\V3D_new processing\S03\WOW\S03_WOW-L-R_G_01.c3d
	Right_HFSHK_Angle	Right_HFSHK_Angle	Right_HFSHK_Angle	Right_HFSHK_Angle	Right_HFSHK_Angle
	LINK_MODEL_BASED	LINK_MODEL_BASED	LINK_MODEL_BASED	LINK_MODEL_BASED	LINK_MODEL_BASED
	ORIGINAL	ORIGINAL	ORIGINAL	ORIGINAL	ORIGINAL
ITEM	Y	Y	Y	Y	Y
1	1.843416	1.811499	1.693175	1.834557	0.462779
2	0.650091	0.586216	0.369420	0.568957	-0.674121
3	-0.488196	-0.563953	-0.833315	-0.564841	-1.694427
4	-1.515850	-1.587115	-1.857741	-1.515517	-2.561643
5	-2.400005	-2.455846	-2.676489	-2.258936	-3.259476
6	-3.130287	-3.160739	-3.294324	-2.801762	-3.795784
7	-3.714444	-3.709270	-3.736603	-3.170907	-4.192225
8	-4.170794	-4.116989	-4.039452	-3.402861	-4.475156
9	-4.521066	-4.402504	-4.240717	-3.534409	-4.669281
10	-4.783567	-4.584340	-4.373660	-3.597853	-4.795281
11	-4.970443	-4.678908	-4.463153	-3.619426	-4.869090
12	-5.082778	-4.699535	-4.522110	-3.617226	-4.900538
13	-5.122797	-4.658022	-4.558062	-3.600424	-4.894074
14	-5.093843	-4.566678	-4.571095	-3.572550	-4.857284
15	-5.003978	-4.440411	-4.558566	-3.535360	-4.797108
16	-4.865133	-4.291169	-4.517467	-3.489580	-4.721097
17	-4.691720	-4.131751	-4.446855	-3.436211	-4.637455
18	-4.498046	-3.974037	-4.349303	-3.371340	-4.554194
19	-4.296508	-3.826889	-4.231175	-3.295847	-4.478166
20	-4.097829	-3.696030	-4.100844	-3.212036	-4.415154
21	-3.911569	-3.584373	-3.966049	-3.124999	-4.369392
22	-3.745624	-3.492953	-3.833473	-3.040090	-4.342424
23	-3.605337	-3.421360	-3.709646	-2.961536	-4.332543
24	-3.493335	-3.368148	-3.600571	-2.891900	-4.335343
25	-3.409932	-3.330980	-3.510595	-2.832151	-4.345125
26	-3.353435	-3.306777	-3.441331	-2.781509	-4.355880
27	-3.320457	-3.292034	-3.390852	-2.736989	-4.361250
28	-3.306290	-3.283140	-3.353443	-2.694253	-4.354781
29	-3.305516	-3.275760	-3.320985	-2.649243	-4.330943
30	-3.312767	-3.264354	-3.285232	-2.599675	-4.286013
31	-3.322703	-3.243255	-3.239580	-2.545480	-4.218260
32	-3.329437	-3.207736	-3.180108	-2.487411	-4.128132
33	-3.327328	-3.154569	-3.105265	-2.425807	-4.018875
34	-3.312263	-3.082611	-3.015018	-2.360819	-3.896199
35	-3.282429	-2.992626	-2.911475	-2.292430	-3.766273
36	-3.238748	-2.887230	-2.800322	-2.220411	-3.634748
37	-3.185101	-2.772023	-2.689303	-2.145275	-3.506806
38	-3.128154	-2.654895	-2.584843	-2.068796	-3.386022
39	-3.075074	-2.542479	-2.490560	-1.993479	-3.273790
40	-3.030186	-2.437309	-2.407037	-1.921769	-3.170052
41	-2.994175	-2.337944	-2.331686	-1.855492	-3.073230
42	-2.964694	-2.240373	-2.259189	-1.795002	-2.979619
43	-2.937230	-2.138662	-2.182807	-1.738428	-2.884080
44	-2.906791	-2.026160	-2.096625	-1.681391	-2.781209
45	-2.868591	-1.897134	-1.997055	-1.618278	-2.665983
46	-2.817924	-1.748768	-1.882514	-1.542376	-2.534552
47	-2.751708	-1.583975	-1.758842	-1.454294	-2.383346
48	-2.669374	-1.407354	-1.633692	-1.356851	-2.217178
49	-2.578717	-1.228953	-1.519737	-1.258175	-2.042485
50	-2.488147	-1.058160	-1.429293	-1.167913	-1.870603
51	-2.409950	-0.901870	-1.371277	-1.093762	-1.712699
52	-2.353223	-0.765042	-1.346770	-1.039955	-1.576783
53	-2.322470	-0.650841	-1.347330	-1.007402	-1.465798
54	-2.317768	-0.559721	-1.360183	-0.994325	-1.376788
55	-2.333894	-0.486980	-1.376060	-0.995444	-1.302492
56	-2.361683	-0.422944	-1.389851	-1.001853	-1.234927
57	-2.392802	-0.358587	-1.399172	-1.004372	-1.167748
58	-2.421529	-0.288421	-1.397545	-0.996450	-1.096947
59	-2.442532	-0.209782	-1.382448	-0.974493	-1.021826
60	-2.449057	-0.122914	-1.352955	-0.940679	-0.943483
61	-2.435926	-0.030689	-1.310600	-0.897847	-0.862697
62	-2.398839	0.062092	-1.258874	-0.850809	-0.779951
63	-2.338630	0.148236	-1.201576	-0.803735	-0.695925
64	-2.259008	0.221939	-1.141030	-0.759336	-0.612665
65	-2.162277	0.279795	-1.077496	-0.718831	-0.528897
66	-2.050061	0.319349	-1.009872	-0.681003	-0.447102
67	-1.924282	0.343056	-0.936547	-0.641719	-0.367299
68	-1.787244	0.355756	-0.855626	-0.595300	-0.288736
69	-1.641077	0.362081	-0.765400	-0.536425	-0.210163
70	-1.487428	0.365276	-0.665056	-0.461184	-0.130083
71	-1.328161	0.368557	-0.554617	-0.367329	-0.046726
72	-1.165722	0.376059	-0.433818	-0.254339	0.041413
73	-1.002052	0.392283	-0.301995	-0.123507	0.135315
74	-0.837630	0.421325	-0.158419	0.021738	0.235506
75	-0.671781	0.466351	-0.002713	0.176991	0.342322
76	-0.503140	0.529448	0.164769	0.339153	0.456507
77	-0.330274	0.611825	0.343551	0.507715	0.579847
78	-0.151649	0.714055	0.534110	0.683617	0.715084
79	0.033584	0.835884	0.737090	0.867684	0.865179
80	0.224851	0.976227	0.951681	1.059897	1.031901
81	0.420986	1.132966	1.175711	1.259790	1.215194
82	0.621788	1.302947	1.407572	1.466226	1.413971
83	0.828530	1.483045	1.647051	1.677441	1.626772
84	1.042512	1.671399	1.894782	1.891845	1.852438
85	1.263672	1.867388	2.151254	2.108713	2.090249
86	1.491347	2.070672	2.416114	2.328490	2.339163
87	1.725434	2.281699	2.688201	2.553675	2.598212
88	1.967059	2.501863	2.966445	2.788769	2.866570
89	2.218613	2.732844	3.250641	3.038275	3.143838
90	2.483194	2.975692	3.541396	3.305266	3.429799
91	2.763906	3.230994	3.840228	3.591193	3.723965
92	3.063332	3.499443	4.149277	3.897078	4.025563
93	3.383268	3.782149	4.470615	4.223966	4.334023
94	3.724470	4.080799	4.805911	4.572728	4.649203
95	4.085742	4.396419	5.155883	4.943196	4.970387
96	4.463812	4.727363	5.519446	5.333966	5.295332
97	4.853853	5.068961	5.893133	5.742156	5.621142
98	5.250810	5.414935	6.271892	6.163084	5.945376
99	5.650887	5.758644	6.649742	6.590177	6.266233
100	6.051009	6.093688	7.024204	7.014726	6.581835
101	6.447218	6.413850	7.386884	7.426836	6.889830