	Z:\Projects\CMB_innosuisse_shoe_oa\project_only\Multi-segment foot marker set project\Data\V3D_new processing\S10\WW\S10_WW-L-0_G_01.c3d	Z:\Projects\CMB_innosuisse_shoe_oa\project_only\Multi-segment foot marker set project\Data\V3D_new processing\S10\WW\S10_WW-L-0_G_01.c3d	Z:\Projects\CMB_innosuisse_shoe_oa\project_only\Multi-segment foot marker set project\Data\V3D_new processing\S10\WW\S10_WW-L-0_G_01.c3d	Z:\Projects\CMB_innosuisse_shoe_oa\project_only\Multi-segment foot marker set project\Data\V3D_new processing\S10\WW\S10_WW-L-0_G_01.c3d	Z:\Projects\CMB_innosuisse_shoe_oa\project_only\Multi-segment foot marker set project\Data\V3D_new processing\S10\WW\S10_WW-L-0_G_01.c3d
	Right_HFSHK_Angle	Right_HFSHK_Angle	Right_HFSHK_Angle	Right_HFSHK_Angle	Right_HFSHK_Angle
	LINK_MODEL_BASED	LINK_MODEL_BASED	LINK_MODEL_BASED	LINK_MODEL_BASED	LINK_MODEL_BASED
	ORIGINAL	ORIGINAL	ORIGINAL	ORIGINAL	ORIGINAL
ITEM	Y	Y	Y	Y	Y
1	-1.386502	-0.608405	-2.543389	-0.587230	-0.340137
2	-1.886369	-1.345503	-3.076490	-1.201020	-1.063777
3	-2.208649	-1.864462	-3.430506	-1.634024	-1.566420
4	-2.379704	-2.178712	-3.623124	-1.901529	-1.863099
5	-2.441822	-2.314428	-3.686202	-2.030995	-1.989069
6	-2.436765	-2.317996	-3.657061	-2.052703	-1.989738
7	-2.401545	-2.244496	-3.573444	-1.995867	-1.910943
8	-2.367073	-2.147631	-3.468331	-1.890301	-1.793790
9	-2.358285	-2.077563	-3.363996	-1.768137	-1.670504
10	-2.393066	-2.053898	-3.287477	-1.665207	-1.569634
11	-2.481109	-2.092298	-3.253785	-1.593871	-1.497645
12	-2.621186	-2.187409	-3.267855	-1.567790	-1.464681
13	-2.807977	-2.324164	-3.322386	-1.584104	-1.470662
14	-3.016964	-2.482483	-3.401597	-1.634746	-1.511195
15	-3.234601	-2.643837	-3.488064	-1.707188	-1.579642
16	-3.446440	-2.795960	-3.566309	-1.787299	-1.669254
17	-3.642838	-2.932994	-3.623808	-1.864105	-1.774824
18	-3.819800	-3.052674	-3.652756	-1.931522	-1.892191
19	-3.977269	-3.153873	-3.652258	-1.986500	-2.017492
20	-4.116563	-3.236185	-3.628970	-2.027682	-2.146399
21	-4.239363	-3.300761	-3.595367	-2.054563	-2.271528
22	-4.346916	-3.350158	-3.563999	-2.066333	-2.383884
23	-4.440269	-3.387903	-3.541078	-2.062395	-2.476043
24	-4.521273	-3.417386	-3.524297	-2.044072	-2.545429
25	-4.593173	-3.440948	-3.503991	-2.014996	-2.594859
26	-4.660320	-3.461501	-3.469831	-1.978871	-2.630330
27	-4.727206	-3.483964	-3.419220	-1.937771	-2.658982
28	-4.797704	-3.514074	-3.357361	-1.892760	-2.687960
29	-4.874704	-3.556041	-3.293972	-1.845623	-2.723884
30	-4.958568	-3.611018	-3.239185	-1.796574	-2.772603
31	-5.046236	-3.677413	-3.199080	-1.746120	-2.837058
32	-5.133147	-3.752201	-3.175367	-1.691924	-2.915479
33	-5.215087	-3.831078	-3.166118	-1.630372	-3.003512
34	-5.288371	-3.908829	-3.165787	-1.557775	-3.095816
35	-5.350516	-3.981006	-3.166957	-1.471243	-3.185946
36	-5.400960	-4.045755	-3.163409	-1.368661	-3.267164
37	-5.439881	-4.103475	-3.151754	-1.247653	-3.333108
38	-5.466013	-4.154562	-3.131596	-1.105522	-3.380489
39	-5.476807	-4.197383	-3.104793	-0.939739	-3.410649
40	-5.469958	-4.226628	-3.074658	-0.749738	-3.428158
41	-5.443608	-4.233281	-3.044939	-0.538185	-3.437657
42	-5.396048	-4.209306	-3.017839	-0.310805	-3.441277
43	-5.326451	-4.153474	-2.991565	-0.079375	-3.438912
44	-5.236079	-4.075147	-2.960359	0.136913	-3.428463
45	-5.131625	-3.993845	-2.917738	0.317867	-3.406780
46	-5.019254	-3.930489	-2.858473	0.448546	-3.371185
47	-4.917601	-3.898615	-2.783223	0.524687	-3.323499
48	-4.833575	-3.901939	-2.704768	0.559710	-3.267987
49	-4.775031	-3.934655	-2.649153	0.582736	-3.232162
50	-4.738735	-3.982625	-2.643817	0.624395	-3.231709
51	-4.716725	-4.026582	-2.703570	0.701052	-3.276885
52	-4.701305	-4.049565	-2.826934	0.812309	-3.360631
53	-4.680094	-4.044106	-2.998877	0.947628	-3.457250
54	-4.643872	-4.012402	-3.194845	1.092319	-3.536179
55	-4.590172	-3.960865	-3.387007	1.232877	-3.579328
56	-4.521224	-3.895302	-3.553730	1.359948	-3.587177
57	-4.440669	-3.819920	-3.685135	1.468696	-3.560477
58	-4.351451	-3.737878	-3.780199	1.558460	-3.503517
59	-4.255612	-3.651506	-3.841362	1.631312	-3.426501
60	-4.155518	-3.562668	-3.871982	1.691293	-3.336037
61	-4.054407	-3.472635	-3.876244	1.743503	-3.235103
62	-3.955817	-3.381897	-3.858769	1.792045	-3.124372
63	-3.862305	-3.290781	-3.823672	1.839196	-3.004909
64	-3.774921	-3.200656	-3.773251	1.885564	-2.878714
65	-3.693342	-3.112942	-3.708426	1.931088	-2.748430
66	-3.615620	-3.027553	-3.630730	1.975514	-2.616930
67	-3.536958	-2.943067	-3.543495	2.019507	-2.485150
68	-3.450256	-2.856612	-3.451201	2.065255	-2.350654
69	-3.349591	-2.763260	-3.357925	2.116646	-2.209771
70	-3.232588	-2.658995	-3.265814	2.178667	-2.059653
71	-3.099432	-2.542869	-3.173986	2.255486	-1.898517
72	-2.951377	-2.414660	-3.079863	2.349030	-1.725857
73	-2.790085	-2.273696	-2.980222	2.459540	-1.543132
74	-2.617183	-2.119572	-2.870825	2.586315	-1.353118
75	-2.434338	-1.952885	-2.747320	2.728044	-1.157560
76	-2.242841	-1.775491	-2.606405	2.883036	-0.956279
77	-2.044451	-1.588426	-2.445228	3.050334	-0.748315
78	-1.837867	-1.393162	-2.261983	3.230650	-0.532955
79	-1.623193	-1.189261	-2.058155	3.425499	-0.310426
80	-1.397802	-0.976494	-1.836658	3.635283	-0.081993
81	-1.158440	-0.755931	-1.598527	3.859250	0.150621
82	-0.902089	-0.529752	-1.343618	4.096300	0.386069
83	-0.626149	-0.300034	-1.072778	4.345241	0.622413
84	-0.328634	-0.066929	-0.787379	4.604696	0.860400
85	-0.008176	0.171482	-0.488628	4.873362	1.099590
86	0.335756	0.418369	-0.175876	5.150706	1.341706
87	0.702940	0.676503	0.152274	5.437332	1.588705
88	1.092070	0.947542	0.496840	5.734231	1.841851
89	1.501640	1.232223	0.859964	6.042849	2.101286
90	1.930633	1.531258	1.243877	6.364348	2.366570
91	2.379160	1.845344	1.649157	6.698567	2.637561
92	2.848958	2.176019	2.073099	7.044408	2.914870
93	3.342174	2.526770	2.509652	7.401710	3.199836
94	3.860014	2.903354	2.951765	7.771351	3.494267
95	4.403149	3.312681	3.395005	8.153206	3.800287
96	4.971957	3.761031	3.839423	8.544640	4.120396
97	5.565645	4.252629	4.288503	8.940413	4.456940
98	6.181352	4.788250	4.747440	9.333833	4.811445
99	6.812965	5.363971	5.222420	9.718752	5.185349
100	7.450325	5.969023	5.718967	10.092610	5.579344
101	8.079291	6.584295	6.236804	10.457119	5.991457