	Z:\Projects\CMB_innosuisse_shoe_oa\project_only\Multi-segment foot marker set project\Data\V3D_new processing\S10\WOW\S10_WOW-L-R_G_01.c3d	Z:\Projects\CMB_innosuisse_shoe_oa\project_only\Multi-segment foot marker set project\Data\V3D_new processing\S10\WOW\S10_WOW-L-R_G_01.c3d	Z:\Projects\CMB_innosuisse_shoe_oa\project_only\Multi-segment foot marker set project\Data\V3D_new processing\S10\WOW\S10_WOW-L-R_G_01.c3d	Z:\Projects\CMB_innosuisse_shoe_oa\project_only\Multi-segment foot marker set project\Data\V3D_new processing\S10\WOW\S10_WOW-L-R_G_01.c3d	Z:\Projects\CMB_innosuisse_shoe_oa\project_only\Multi-segment foot marker set project\Data\V3D_new processing\S10\WOW\S10_WOW-L-R_G_01.c3d
	Right_HFSHK_Angle	Right_HFSHK_Angle	Right_HFSHK_Angle	Right_HFSHK_Angle	Right_HFSHK_Angle
	LINK_MODEL_BASED	LINK_MODEL_BASED	LINK_MODEL_BASED	LINK_MODEL_BASED	LINK_MODEL_BASED
	ORIGINAL	ORIGINAL	ORIGINAL	ORIGINAL	ORIGINAL
ITEM	Y	Y	Y	Y	Y
1	3.147354	4.131475	4.196339	4.238614	2.696171
2	1.727291	2.684692	2.615611	2.536621	1.553852
3	0.509462	1.469294	1.268360	1.006520	0.596676
4	-0.431072	0.544830	0.221372	-0.245705	-0.147146
5	-1.075741	-0.085264	-0.519765	-1.170622	-0.681836
6	-1.453569	-0.461859	-0.994075	-1.777481	-1.033186
7	-1.620777	-0.650645	-1.260005	-2.117766	-1.237732
8	-1.642698	-0.725255	-1.377085	-2.262181	-1.333373
9	-1.582752	-0.752531	-1.397850	-2.282416	-1.353830
10	-1.494464	-0.781787	-1.364712	-2.237965	-1.328019
11	-1.415499	-0.839292	-1.307700	-2.170229	-1.281512
12	-1.365398	-0.929089	-1.244127	-2.103634	-1.234817
13	-1.348883	-1.039833	-1.181835	-2.049501	-1.200266
14	-1.361809	-1.153809	-1.123812	-2.011631	-1.182557
15	-1.395723	-1.255207	-1.072028	-1.991412	-1.182388
16	-1.440644	-1.334664	-1.029895	-1.989344	-1.199146
17	-1.487179	-1.390361	-1.001861	-2.004477	-1.231406
18	-1.528171	-1.426275	-0.991765	-2.035098	-1.276753
19	-1.559461	-1.448515	-1.001371	-2.078607	-1.331776
20	-1.579826	-1.462396	-1.029649	-2.130232	-1.392568
21	-1.590527	-1.470964	-1.073100	-2.183115	-1.454917
22	-1.594004	-1.474531	-1.126626	-2.230333	-1.514252
23	-1.592568	-1.471583	-1.184335	-2.266211	-1.566048
24	-1.588097	-1.460025	-1.240086	-2.286810	-1.606633
25	-1.582192	-1.437977	-1.287930	-2.290680	-1.632711
26	-1.576423	-1.406075	-1.323170	-2.279392	-1.641554
27	-1.572692	-1.369983	-1.344602	-2.257355	-1.633378
28	-1.572532	-1.338629	-1.355420	-2.231184	-1.611991
29	-1.575682	-1.320266	-1.361030	-2.208250	-1.582580
30	-1.580994	-1.319330	-1.366486	-2.194312	-1.549527
31	-1.588207	-1.334731	-1.376258	-2.190758	-1.515331
32	-1.596800	-1.360577	-1.394421	-2.195676	-1.480983
33	-1.604229	-1.388973	-1.424155	-2.207099	-1.446905
34	-1.605945	-1.413147	-1.468106	-2.222547	-1.412945
35	-1.597088	-1.429361	-1.528009	-2.237170	-1.377368
36	-1.574581	-1.437139	-1.602204	-2.244022	-1.337515
37	-1.538396	-1.438563	-1.684155	-2.235074	-1.292291
38	-1.490017	-1.436976	-1.763860	-2.202707	-1.243232
39	-1.429660	-1.435236	-1.831273	-2.142646	-1.193504
40	-1.356245	-1.434445	-1.879404	-2.055104	-1.145445
41	-1.269900	-1.433652	-1.905610	-1.942720	-1.098654
42	-1.173005	-1.430799	-1.910922	-1.809379	-1.049706
43	-1.068068	-1.424689	-1.897348	-1.660105	-0.993758
44	-0.955062	-1.417250	-1.866412	-1.500037	-0.927895
45	-0.830909	-1.414127	-1.822383	-1.333341	-0.854163
46	-0.691588	-1.422381	-1.775509	-1.163676	-0.779031
47	-0.535932	-1.447540	-1.739554	-0.996469	-0.709757
48	-0.368291	-1.492566	-1.726951	-0.839492	-0.652900
49	-0.198642	-1.557341	-1.746379	-0.699895	-0.615103
50	-0.039303	-1.635365	-1.800497	-0.582265	-0.602691
51	0.099836	-1.714104	-1.882415	-0.489918	-0.620059
52	0.214827	-1.783324	-1.976907	-0.425272	-0.667087
53	0.309890	-1.838556	-2.068955	-0.386550	-0.736549
54	0.393813	-1.878911	-2.150722	-0.364715	-0.816161
55	0.471462	-1.906402	-2.220909	-0.348045	-0.895363
56	0.541879	-1.924903	-2.281813	-0.329317	-0.969420
57	0.601966	-1.937990	-2.337263	-0.306580	-1.037080
58	0.648918	-1.948711	-2.390942	-0.281164	-1.097976
59	0.681165	-1.959439	-2.444999	-0.257339	-1.152837
60	0.698448	-1.971240	-2.499206	-0.240110	-1.202862
61	0.700826	-1.983561	-2.550934	-0.232624	-1.247969
62	0.687994	-1.994731	-2.595751	-0.235783	-1.286090
63	0.660131	-2.003073	-2.628534	-0.248666	-1.313516
64	0.619020	-2.007182	-2.644921	-0.269188	-1.327688
65	0.567825	-2.005819	-2.642060	-0.295025	-1.326690
66	0.509836	-1.997740	-2.618918	-0.324712	-1.310781
67	0.447099	-1.981783	-2.575475	-0.357647	-1.281507
68	0.380314	-1.956304	-2.511398	-0.393590	-1.239566
69	0.311099	-1.920094	-2.424945	-0.432055	-1.183312
70	0.243343	-1.870817	-2.314291	-0.471605	-1.108824
71	0.181977	-1.806302	-2.177073	-0.509348	-1.011850
72	0.131643	-1.724270	-2.012505	-0.541192	-0.889540
73	0.095905	-1.622561	-1.822055	-0.562218	-0.740653
74	0.078595	-1.498939	-1.608917	-0.567056	-0.565152
75	0.082225	-1.350736	-1.377143	-0.550745	-0.363705
76	0.107665	-1.174904	-1.130819	-0.509750	-0.137416
77	0.154232	-0.968616	-0.873441	-0.442369	0.112493
78	0.220672	-0.729965	-0.606962	-0.348749	0.384619
79	0.305570	-0.458741	-0.331081	-0.230489	0.677822
80	0.407641	-0.156604	-0.043574	-0.089833	0.991060
81	0.526964	0.173314	0.258343	0.070874	1.323482
82	0.665036	0.527821	0.577329	0.249707	1.674360
83	0.824734	0.904936	0.915273	0.446559	2.041857
84	1.009974	1.304062	1.273271	0.663607	2.423487
85	1.225332	1.725937	1.651834	0.903790	2.817071
86	1.475291	2.171816	2.051308	1.168155	3.220765
87	1.763006	2.643630	2.472523	1.457025	3.633280
88	2.090040	3.144317	2.917301	1.768909	4.053994
89	2.457152	3.677834	3.388608	2.103563	4.482481
90	2.864399	4.249093	3.889637	2.459781	4.917738
91	3.311011	4.866403	4.425930	2.837467	5.358000
92	3.796932	5.539067	5.003183	3.237305	5.801269
93	4.321243	6.276907	5.628762	3.660701	6.245244
94	4.884737	7.086624	6.310115	4.109893	6.689238
95	5.490861	7.968394	7.051401	4.588235	7.138554
96	6.144732	8.910854	7.848878	5.099673	7.581903
97	6.849354	9.888103	8.687480	5.646927	8.028693
98	7.600447	10.861888	9.539884	6.229058	8.478984
99	8.381471	11.791413	10.370816	6.838679	8.930821
100	9.162586	12.642599	11.145927	7.460436	9.380440
101	9.906370	13.394955	11.839974	8.072330	9.821517