	Z:\Projects\CMB_innosuisse_shoe_oa\project_only\Multi-segment foot marker set project\Data\V3D_new processing\S10\WOW\S10_WOW-L-nR_G_01.c3d Copy	Z:\Projects\CMB_innosuisse_shoe_oa\project_only\Multi-segment foot marker set project\Data\V3D_new processing\S10\WOW\S10_WOW-L-nR_G_01.c3d Copy	Z:\Projects\CMB_innosuisse_shoe_oa\project_only\Multi-segment foot marker set project\Data\V3D_new processing\S10\WOW\S10_WOW-L-nR_G_01.c3d Copy	Z:\Projects\CMB_innosuisse_shoe_oa\project_only\Multi-segment foot marker set project\Data\V3D_new processing\S10\WOW\S10_WOW-L-nR_G_01.c3d Copy	Z:\Projects\CMB_innosuisse_shoe_oa\project_only\Multi-segment foot marker set project\Data\V3D_new processing\S10\WOW\S10_WOW-L-nR_G_01.c3d Copy
	Right_HFSHK_Angle	Right_HFSHK_Angle	Right_HFSHK_Angle	Right_HFSHK_Angle	Right_HFSHK_Angle
	LINK_MODEL_BASED	LINK_MODEL_BASED	LINK_MODEL_BASED	LINK_MODEL_BASED	LINK_MODEL_BASED
	ORIGINAL	ORIGINAL	ORIGINAL	ORIGINAL	ORIGINAL
ITEM	Y	Y	Y	Y	Y
1	1.625170	3.733127	5.004249	3.897452	4.621570
2	0.114743	2.045526	3.469315	2.575634	2.874001
3	-1.150242	0.564244	2.060949	1.383478	1.253428
4	-2.106605	-0.617003	0.875964	0.393801	-0.112044
5	-2.743011	-1.461343	-0.033980	-0.358494	-1.149980
6	-3.090656	-1.986011	-0.664320	-0.875142	-1.849622
7	-3.205065	-2.245090	-1.046795	-1.183978	-2.249897
8	-3.148280	-2.308279	-1.231369	-1.326629	-2.418444
9	-2.979288	-2.244443	-1.271670	-1.350243	-2.430682
10	-2.748783	-2.113786	-1.218876	-1.300380	-2.352844
11	-2.497143	-1.965032	-1.119479	-1.214539	-2.233501
12	-2.254299	-1.832178	-1.009992	-1.119019	-2.103262
13	-2.038533	-1.732130	-0.911616	-1.029274	-1.980904
14	-1.857915	-1.665650	-0.831243	-0.952313	-1.877660
15	-1.714958	-1.623168	-0.769579	-0.889323	-1.797648
16	-1.610947	-1.594240	-0.728204	-0.838400	-1.739427
17	-1.547645	-1.574484	-0.709196	-0.797263	-1.698536
18	-1.525529	-1.564998	-0.712026	-0.765176	-1.670869
19	-1.541142	-1.568405	-0.732979	-0.743431	-1.654032
20	-1.586569	-1.586304	-0.766596	-0.734762	-1.646337
21	-1.650982	-1.618037	-0.807114	-0.742284	-1.645474
22	-1.722798	-1.659872	-0.849200	-0.768354	-1.648461
23	-1.791460	-1.706138	-0.888006	-0.812774	-1.652015
24	-1.849714	-1.751461	-0.919371	-0.870297	-1.652617
25	-1.894353	-1.791252	-0.940169	-0.931444	-1.647103
26	-1.924804	-1.821639	-0.948368	-0.985965	-1.633843
27	-1.942293	-1.840069	-0.943695	-1.026227	-1.613138
28	-1.949913	-1.846223	-0.928058	-1.049303	-1.586466
29	-1.952274	-1.842129	-0.904790	-1.056313	-1.555797
30	-1.953969	-1.831207	-0.877817	-1.051081	-1.522615
31	-1.957947	-1.817912	-0.850800	-1.038328	-1.487489
32	-1.966010	-1.808566	-0.825935	-1.021883	-1.451392
33	-1.979798	-1.810034	-0.803004	-1.004419	-1.416128
34	-2.000092	-1.826503	-0.780322	-0.988098	-1.382159
35	-2.025724	-1.857021	-0.756944	-0.975099	-1.347348
36	-2.053033	-1.895416	-0.732850	-0.966405	-1.309243
37	-2.076611	-1.933782	-0.708669	-0.960395	-1.267875
38	-2.090465	-1.965292	-0.685443	-0.952913	-1.224931
39	-2.088660	-1.985022	-0.663455	-0.939160	-1.181256
40	-2.067112	-1.990873	-0.641451	-0.916582	-1.136060
41	-2.025032	-1.981723	-0.616900	-0.884947	-1.087252
42	-1.964152	-1.956101	-0.586341	-0.843588	-1.031498
43	-1.887437	-1.913852	-0.546132	-0.790250	-0.963670
44	-1.798113	-1.855983	-0.494776	-0.722699	-0.878197
45	-1.701388	-1.783444	-0.433301	-0.641535	-0.772357
46	-1.606587	-1.697194	-0.364186	-0.553068	-0.647831
47	-1.525619	-1.599523	-0.292458	-0.468757	-0.512068
48	-1.470226	-1.495910	-0.227399	-0.400595	-0.378707
49	-1.450063	-1.395852	-0.180973	-0.356954	-0.262260
50	-1.468603	-1.310502	-0.165212	-0.342641	-0.173372
51	-1.520915	-1.249260	-0.190079	-0.358640	-0.118607
52	-1.596256	-1.217608	-0.260341	-0.399459	-0.098094
53	-1.682879	-1.215639	-0.373492	-0.454167	-0.103164
54	-1.773108	-1.237430	-0.519424	-0.510877	-0.120313
55	-1.863146	-1.271557	-0.682930	-0.559831	-0.138386
56	-1.950054	-1.304323	-0.849245	-0.595125	-0.151950
57	-2.030705	-1.324862	-1.008658	-0.613428	-0.159742
58	-2.101408	-1.327920	-1.155153	-0.614217	-0.161898
59	-2.160303	-1.313898	-1.287700	-0.598945	-0.158489
60	-2.207758	-1.287390	-1.407527	-0.570705	-0.149319
61	-2.244995	-1.254274	-1.515399	-0.533651	-0.134119
62	-2.272055	-1.220590	-1.611334	-0.491579	-0.112378
63	-2.288364	-1.189554	-1.695138	-0.446694	-0.084700
64	-2.294035	-1.162063	-1.765689	-0.400347	-0.052994
65	-2.289897	-1.136866	-1.820364	-0.353738	-0.020296
66	-2.276754	-1.111500	-1.856274	-0.307682	0.011439
67	-2.254394	-1.083679	-1.871692	-0.262440	0.039978
68	-2.220961	-1.052084	-1.866913	-0.217584	0.063474
69	-2.172736	-1.016205	-1.842754	-0.172257	0.079808
70	-2.104980	-0.976142	-1.801741	-0.124107	0.086607
71	-2.013387	-0.932129	-1.745834	-0.070691	0.082616
72	-1.893399	-0.883945	-1.675975	-0.008485	0.069385
73	-1.742430	-0.830456	-1.591606	0.066766	0.052881
74	-1.560067	-0.769795	-1.490685	0.159172	0.042800
75	-1.349011	-0.699949	-1.370119	0.271550	0.049348
76	-1.115123	-0.618768	-1.226465	0.405086	0.080576
77	-0.865210	-0.523559	-1.057089	0.559637	0.140705
78	-0.603755	-0.411400	-0.861067	0.734054	0.230664
79	-0.332131	-0.280076	-0.638640	0.926915	0.350826
80	-0.048836	-0.128519	-0.390418	1.137254	0.501282
81	0.250261	0.043841	-0.116911	1.364919	0.680920
82	0.569490	0.237445	0.181566	1.610540	0.885788
83	0.911258	0.452153	0.504928	1.875043	1.111029
84	1.274766	0.686603	0.853310	2.159415	1.355376
85	1.655928	0.938089	1.226760	2.464511	1.620601
86	2.049209	1.203218	1.624745	2.790848	1.907517
87	2.449610	1.478960	2.045965	3.138686	2.215268
88	2.853166	1.763735	2.488905	3.507960	2.542710
89	3.258655	2.057816	2.951885	3.898299	2.890129
90	3.668458	2.363396	3.433345	4.309043	3.258225
91	4.086196	2.684006	3.931926	4.739725	3.649354
92	4.513423	3.023363	4.446292	5.190677	4.063610
93	4.950183	3.384529	4.975258	5.664764	4.499077
94	5.395619	3.769027	5.517471	6.167857	4.953590
95	5.849711	4.178075	6.073019	6.704687	5.426103
96	6.313817	4.609201	6.644608	7.283567	5.918411
97	6.791721	5.061536	7.233020	7.909662	6.434304
98	7.282714	5.532762	7.842515	8.581044	6.978969
99	7.785724	6.016146	8.471746	9.286437	7.551301
100	8.294623	6.499760	9.112447	10.005466	8.138228
101	8.797850	6.965904	9.749040	10.711583	8.718891