	Z:\Projects\CMB_innosuisse_shoe_oa\project_only\Multi-segment foot marker set project\Data\V3D_new processing\S07\WW\S07_WW-L-0_G_01.c3d	Z:\Projects\CMB_innosuisse_shoe_oa\project_only\Multi-segment foot marker set project\Data\V3D_new processing\S07\WW\S07_WW-L-0_G_01.c3d	Z:\Projects\CMB_innosuisse_shoe_oa\project_only\Multi-segment foot marker set project\Data\V3D_new processing\S07\WW\S07_WW-L-0_G_01.c3d	Z:\Projects\CMB_innosuisse_shoe_oa\project_only\Multi-segment foot marker set project\Data\V3D_new processing\S07\WW\S07_WW-L-0_G_01.c3d	Z:\Projects\CMB_innosuisse_shoe_oa\project_only\Multi-segment foot marker set project\Data\V3D_new processing\S07\WW\S07_WW-L-0_G_01.c3d
	Right_HFSHK_Angle	Right_HFSHK_Angle	Right_HFSHK_Angle	Right_HFSHK_Angle	Right_HFSHK_Angle
	LINK_MODEL_BASED	LINK_MODEL_BASED	LINK_MODEL_BASED	LINK_MODEL_BASED	LINK_MODEL_BASED
	ORIGINAL	ORIGINAL	ORIGINAL	ORIGINAL	ORIGINAL
ITEM	Y	Y	Y	Y	Y
1	-1.384006	-1.550979	-1.650835	-2.204978	-1.173923
2	-1.864421	-1.859687	-2.070141	-2.551595	-1.720132
3	-2.188272	-2.037411	-2.349333	-2.738805	-2.093724
4	-2.358655	-2.096834	-2.506561	-2.783905	-2.290308
5	-2.395123	-2.063054	-2.562336	-2.728303	-2.329026
6	-2.327064	-1.966684	-2.534024	-2.618838	-2.245380
7	-2.189655	-1.839064	-2.436499	-2.495406	-2.082042
8	-2.020626	-1.710252	-2.289395	-2.385874	-1.882045
9	-1.855413	-1.606797	-2.122374	-2.302212	-1.683855
10	-1.721592	-1.547740	-1.966952	-2.239437	-1.517151
11	-1.634024	-1.539877	-1.843701	-2.180892	-1.399983
12	-1.592629	-1.574723	-1.757853	-2.107908	-1.337265
13	-1.585092	-1.631793	-1.703266	-2.010321	-1.321510
14	-1.594666	-1.688792	-1.670008	-1.893636	-1.338283
15	-1.609381	-1.732001	-1.650384	-1.776173	-1.374007
16	-1.626392	-1.760349	-1.639896	-1.678251	-1.421149
17	-1.648858	-1.781077	-1.635392	-1.613117	-1.478944
18	-1.680247	-1.803098	-1.635020	-1.585515	-1.547870
19	-1.720621	-1.833759	-1.639485	-1.592196	-1.624178
20	-1.766312	-1.877567	-1.651930	-1.618742	-1.699682
21	-1.811527	-1.934577	-1.676844	-1.645205	-1.764315
22	-1.848386	-2.001468	-1.716134	-1.658712	-1.810556
23	-1.866165	-2.073441	-1.763801	-1.658653	-1.835409
24	-1.852899	-2.144490	-1.808685	-1.650634	-1.839021
25	-1.800855	-2.209501	-1.844318	-1.634985	-1.823448
26	-1.713642	-2.266593	-1.872956	-1.605665	-1.790213
27	-1.604684	-2.316904	-1.901419	-1.557763	-1.740101
28	-1.488187	-2.362877	-1.934995	-1.490689	-1.676909
29	-1.376031	-2.407355	-1.972912	-1.405871	-1.608466
30	-1.277666	-2.454345	-2.009950	-1.303707	-1.542405
31	-1.197277	-2.508319	-2.040015	-1.186810	-1.482925
32	-1.133028	-2.571828	-2.057848	-1.061866	-1.432545
33	-1.078220	-2.644721	-2.060370	-0.936962	-1.392492
34	-1.023587	-2.724932	-2.046934	-0.818625	-1.359637
35	-0.960705	-2.808770	-2.020109	-0.709528	-1.326152
36	-0.884749	-2.892347	-1.984412	-0.608634	-1.284538
37	-0.795249	-2.972769	-1.942206	-0.512600	-1.233766
38	-0.695633	-3.048097	-1.892373	-0.420808	-1.180475
39	-0.591822	-3.117960	-1.832929	-0.337822	-1.135114
40	-0.489767	-3.183572	-1.766682	-0.264082	-1.106360
41	-0.394695	-3.247221	-1.706659	-0.190315	-1.094139
42	-0.311930	-3.311375	-1.671384	-0.102468	-1.087195
43	-0.246960	-3.375410	-1.673294	0.012615	-1.072909
44	-0.203968	-3.435533	-1.714603	0.161360	-1.046877
45	-0.183670	-3.487773	-1.789166	0.333435	-1.012340
46	-0.179920	-3.528306	-1.883608	0.495268	-0.975030
47	-0.181417	-3.553881	-1.979454	0.611133	-0.942954
48	-0.181526	-3.563188	-2.058962	0.648069	-0.929584
49	-0.182951	-3.554851	-2.112067	0.602570	-0.952073
50	-0.190415	-3.525436	-2.138429	0.498231	-1.024261
51	-0.206027	-3.472419	-2.143688	0.375669	-1.142712
52	-0.236259	-3.400145	-2.137761	0.282744	-1.271887
53	-0.292062	-3.327168	-2.141427	0.265465	-1.365536
54	-0.370093	-3.288471	-2.190180	0.344516	-1.401430
55	-0.445322	-3.320518	-2.320752	0.503227	-1.385606
56	-0.497723	-3.436509	-2.532837	0.697118	-1.336683
57	-0.528079	-3.614803	-2.782426	0.886415	-1.273096
58	-0.546617	-3.811931	-3.018828	1.052042	-1.209045
59	-0.562546	-3.989762	-3.213258	1.189535	-1.155370
60	-0.581063	-4.129486	-3.357253	1.305106	-1.120177
61	-0.604783	-4.227457	-3.452932	1.407323	-1.105698
62	-0.633592	-4.287822	-3.508110	1.499799	-1.107445
63	-0.664667	-4.317905	-3.534440	1.583329	-1.117557
64	-0.695987	-4.325644	-3.543738	1.660588	-1.129662
65	-0.727027	-4.318492	-3.544642	1.736018	-1.139951
66	-0.757374	-4.302320	-3.543183	1.813169	-1.144055
67	-0.787143	-4.280562	-3.543990	1.892540	-1.136512
68	-0.816158	-4.254676	-3.548700	1.971655	-1.113174
69	-0.842261	-4.224976	-3.554205	2.049796	-1.071726
70	-0.863791	-4.189725	-3.553929	2.125139	-1.011613
71	-0.880956	-4.145612	-3.541053	2.196437	-0.934985
72	-0.896076	-4.090163	-3.511750	2.263385	-0.846467
73	-0.913791	-4.023533	-3.467222	2.327087	-0.750797
74	-0.938107	-3.948057	-3.410511	2.390096	-0.657772
75	-0.969394	-3.866603	-3.341819	2.454986	-0.574235
76	-1.005585	-3.782564	-3.258036	2.522321	-0.503479
77	-1.043670	-3.699766	-3.157250	2.591958	-0.446669
78	-1.078446	-3.620067	-3.042446	2.663925	-0.405024
79	-1.102181	-3.542023	-2.919544	2.738333	-0.378621
80	-1.106363	-3.462443	-2.792337	2.815945	-0.364475
81	-1.085055	-3.378641	-2.661136	2.895943	-0.356695
82	-1.037864	-3.289662	-2.526050	2.977547	-0.347922
83	-0.969720	-3.195122	-2.388716	3.063837	-0.332301
84	-0.885800	-3.094074	-2.250790	3.159546	-0.299582
85	-0.787578	-2.985722	-2.111446	3.268716	-0.244835
86	-0.674177	-2.869863	-1.968196	3.394370	-0.166446
87	-0.546975	-2.746495	-1.818948	3.538030	-0.069160
88	-0.409419	-2.615381	-1.661236	3.698584	0.041645
89	-0.261294	-2.475612	-1.491105	3.871690	0.164040
90	-0.096324	-2.325525	-1.304699	4.051597	0.298587
91	0.090826	-2.163368	-1.098888	4.234775	0.448115
92	0.298968	-1.987476	-0.870296	4.421022	0.617024
93	0.529275	-1.796390	-0.614814	4.610661	0.810763
94	0.781709	-1.589749	-0.330510	4.803352	1.034086
95	1.055252	-1.369346	-0.019155	5.000341	1.288129
96	1.348155	-1.138663	0.316179	5.204845	1.567843
97	1.657053	-0.900104	0.672689	5.419786	1.866267
98	1.975751	-0.653797	1.045805	5.645303	2.178144
99	2.296716	-0.402384	1.427574	5.880044	2.498086
100	2.612972	-0.152547	1.805979	6.117718	2.818264
101	2.914904	0.091163	2.165676	6.355188	3.127560