	Z:\Projects\CMB_innosuisse_shoe_oa\project_only\Multi-segment foot marker set project\Data\V3D_new processing\S07\WOW\S07_WOW-L-nR_G_01.c3d	Z:\Projects\CMB_innosuisse_shoe_oa\project_only\Multi-segment foot marker set project\Data\V3D_new processing\S07\WOW\S07_WOW-L-nR_G_01.c3d	Z:\Projects\CMB_innosuisse_shoe_oa\project_only\Multi-segment foot marker set project\Data\V3D_new processing\S07\WOW\S07_WOW-L-nR_G_01.c3d	Z:\Projects\CMB_innosuisse_shoe_oa\project_only\Multi-segment foot marker set project\Data\V3D_new processing\S07\WOW\S07_WOW-L-nR_G_01.c3d	Z:\Projects\CMB_innosuisse_shoe_oa\project_only\Multi-segment foot marker set project\Data\V3D_new processing\S07\WOW\S07_WOW-L-nR_G_01.c3d
	Right_HFSHK_Angle	Right_HFSHK_Angle	Right_HFSHK_Angle	Right_HFSHK_Angle	Right_HFSHK_Angle
	LINK_MODEL_BASED	LINK_MODEL_BASED	LINK_MODEL_BASED	LINK_MODEL_BASED	LINK_MODEL_BASED
	ORIGINAL	ORIGINAL	ORIGINAL	ORIGINAL	ORIGINAL
ITEM	Y	Y	Y	Y	Y
1	-1.995743	-2.205673	-2.363740	-2.257720	-1.153166
2	-3.227467	-2.854143	-3.405938	-3.319242	-1.643249
3	-4.246707	-3.303624	-4.259751	-4.171062	-2.072592
4	-4.976959	-3.561255	-4.883584	-4.763571	-2.405600
5	-5.402700	-3.657035	-5.262473	-5.091845	-2.623582
6	-5.562902	-3.634234	-5.406289	-5.188133	-2.724154
7	-5.527531	-3.543157	-5.347790	-5.107811	-2.715816
8	-5.373991	-3.436171	-5.135024	-4.912539	-2.615294
9	-5.172667	-3.359637	-4.822872	-4.658622	-2.447459
10	-4.978789	-3.343421	-4.468420	-4.392197	-2.242981
11	-4.825824	-3.394382	-4.125756	-4.146807	-2.034231
12	-4.722181	-3.498360	-3.836837	-3.942180	-1.850510
13	-4.656865	-3.630100	-3.623121	-3.784215	-1.713231
14	-4.611929	-3.765417	-3.485032	-3.666542	-1.633439
15	-4.574319	-3.888522	-3.409441	-3.575431	-1.612077
16	-4.540660	-3.992655	-3.379078	-3.498139	-1.641953
17	-4.514760	-4.076434	-3.378072	-3.429212	-1.711402
18	-4.501874	-4.140385	-3.392837	-3.370144	-1.807351
19	-4.504038	-4.185381	-3.411119	-3.324818	-1.917274
20	-4.518196	-4.212836	-3.422517	-3.294942	-2.030321
21	-4.537685	-4.225405	-3.420639	-3.278194	-2.138204
22	-4.555621	-4.227612	-3.403820	-3.269602	-2.235333
23	-4.567123	-4.225723	-3.374214	-3.264151	-2.317633
24	-4.569431	-4.227130	-3.336836	-3.259533	-2.381851
25	-4.561194	-4.238927	-3.298521	-3.256669	-2.427270
26	-4.541835	-4.265678	-3.266397	-3.258116	-2.457393
27	-4.511954	-4.307763	-3.245977	-3.266397	-2.478371
28	-4.473939	-4.361433	-3.239576	-3.282761	-2.496278
29	-4.430881	-4.420326	-3.245658	-3.307466	-2.516700
30	-4.384925	-4.477167	-3.260818	-3.340023	-2.544114
31	-4.337161	-4.525194	-3.282116	-3.378599	-2.578686
32	-4.288540	-4.559419	-3.307013	-3.420295	-2.614250
33	-4.240655	-4.578743	-3.332656	-3.461915	-2.642102
34	-4.195065	-4.586040	-3.356920	-3.501283	-2.657046
35	-4.152665	-4.585964	-3.379146	-3.538679	-2.659376
36	-4.113890	-4.582519	-3.399335	-3.575927	-2.652107
37	-4.078535	-4.577003	-3.417949	-3.614267	-2.636301
38	-4.046462	-4.568445	-3.436691	-3.654070	-2.612870
39	-4.017545	-4.555286	-3.458337	-3.695702	-2.585860
40	-3.989178	-4.534729	-3.486296	-3.738728	-2.558608
41	-3.956505	-4.502102	-3.523938	-3.780190	-2.530522
42	-3.913063	-4.454069	-3.572562	-3.813304	-2.498296
43	-3.852725	-4.393251	-3.628656	-3.828486	-2.457848
44	-3.775367	-4.329872	-3.685760	-3.819408	-2.405033
45	-3.689588	-4.277633	-3.738895	-3.786360	-2.339239
46	-3.612498	-4.246790	-3.785792	-3.735265	-2.268944
47	-3.562542	-4.242900	-3.827136	-3.678166	-2.209654
48	-3.549665	-4.268931	-3.867378	-3.632082	-2.174971
49	-3.574517	-4.325612	-3.914573	-3.612417	-2.170344
50	-3.630589	-4.410392	-3.977022	-3.625683	-2.190443
51	-3.706689	-4.514975	-4.060803	-3.666905	-2.222224
52	-3.794523	-4.625144	-4.169265	-3.723808	-2.255572
53	-3.890645	-4.729286	-4.299791	-3.784042	-2.288864
54	-3.991599	-4.824099	-4.442313	-3.838675	-2.324059
55	-4.092461	-4.909589	-4.584590	-3.882475	-2.362415
56	-4.186231	-4.984208	-4.717174	-3.914417	-2.403192
57	-4.265157	-5.045392	-4.835031	-3.934600	-2.444251
58	-4.325027	-5.092736	-4.938455	-3.941514	-2.483175
59	-4.366170	-5.127786	-5.031407	-3.933764	-2.517040
60	-4.390801	-5.151332	-5.117682	-3.912159	-2.541931
61	-4.400527	-5.163126	-5.199421	-3.879161	-2.553739
62	-4.395595	-5.162451	-5.276773	-3.837156	-2.549681
63	-4.375241	-5.148980	-5.346246	-3.787395	-2.528903
64	-4.338248	-5.123204	-5.402796	-3.730988	-2.491986
65	-4.284238	-5.087035	-5.442594	-3.668569	-2.439263
66	-4.214971	-5.043715	-5.463424	-3.599765	-2.370524
67	-4.134544	-4.997103	-5.465159	-3.524377	-2.287009
68	-4.047969	-4.950855	-5.449727	-3.442698	-2.191887
69	-3.958633	-4.907640	-5.420577	-3.355970	-2.089749
70	-3.867176	-4.869433	-5.380980	-3.266402	-1.986129
71	-3.773354	-4.837390	-5.332681	-3.175575	-1.886957
72	-3.678207	-4.811539	-5.276565	-3.083179	-1.798432
73	-3.583135	-4.790757	-5.212825	-2.987393	-1.726097
74	-3.488126	-4.773279	-5.141108	-2.885789	-1.674538
75	-3.392919	-4.757122	-5.061405	-2.776343	-1.646634
76	-3.297311	-4.740123	-4.973924	-2.657875	-1.641961
77	-3.199747	-4.719333	-4.878399	-2.529788	-1.656355
78	-3.097831	-4.691011	-4.774263	-2.391419	-1.682721
79	-2.989778	-4.650823	-4.659753	-2.241956	-1.712871
80	-2.874806	-4.593475	-4.532374	-2.079928	-1.738202
81	-2.752991	-4.514235	-4.391050	-1.903149	-1.749468
82	-2.624441	-4.410471	-4.236410	-1.708900	-1.736896
83	-2.489679	-4.281734	-4.069480	-1.493940	-1.691214
84	-2.350113	-4.128990	-3.891150	-1.255188	-1.605900
85	-2.206469	-3.954416	-3.701325	-0.990473	-1.478397
86	-2.057031	-3.760538	-3.498553	-0.698883	-1.308772
87	-1.897289	-3.549675	-3.280951	-0.381521	-1.097551
88	-1.719992	-3.322846	-3.047483	-0.041046	-0.845532
89	-1.515979	-3.078523	-2.797730	0.318779	-0.553301
90	-1.278215	-2.812372	-2.530863	0.694766	-0.221726
91	-1.004721	-2.520238	-2.245212	1.084736	0.146153
92	-0.698607	-2.201635	-1.939023	1.487152	0.544420
93	-0.366446	-1.861442	-1.611971	1.900094	0.965007
94	-0.017499	-1.508971	-1.266146	2.320137	1.397561
95	0.336041	-1.155769	-0.906950	2.741859	1.830949
96	0.681049	-0.813884	-0.544211	3.156125	2.254370
97	1.005576	-0.496271	-0.191185	3.547976	2.654099
98	1.298020	-0.218011	0.138275	3.896014	3.008410
99	1.545443	0.002927	0.430910	4.174994	3.288645
100	1.732769	0.147504	0.672793	4.362044	3.466802
101	1.843964	0.198940	0.849582	4.443653	3.524395