	Z:\Projects\CMB_innosuisse_shoe_oa\project_only\Multi-segment foot marker set project\Data\V3D_new processing\S04\WOW\S04_WOW-L-nR_G_01.c3d	Z:\Projects\CMB_innosuisse_shoe_oa\project_only\Multi-segment foot marker set project\Data\V3D_new processing\S04\WOW\S04_WOW-L-nR_G_01.c3d	Z:\Projects\CMB_innosuisse_shoe_oa\project_only\Multi-segment foot marker set project\Data\V3D_new processing\S04\WOW\S04_WOW-L-nR_G_01.c3d	Z:\Projects\CMB_innosuisse_shoe_oa\project_only\Multi-segment foot marker set project\Data\V3D_new processing\S04\WOW\S04_WOW-L-nR_G_01.c3d	Z:\Projects\CMB_innosuisse_shoe_oa\project_only\Multi-segment foot marker set project\Data\V3D_new processing\S04\WOW\S04_WOW-L-nR_G_01.c3d
	Right_HFSHK_Angle	Right_HFSHK_Angle	Right_HFSHK_Angle	Right_HFSHK_Angle	Right_HFSHK_Angle
	LINK_MODEL_BASED	LINK_MODEL_BASED	LINK_MODEL_BASED	LINK_MODEL_BASED	LINK_MODEL_BASED
	ORIGINAL	ORIGINAL	ORIGINAL	ORIGINAL	ORIGINAL
ITEM	Y	Y	Y	Y	Y
1	4.238179	3.845513	3.466787	1.269222	2.419537
2	2.705093	2.376488	1.879075	-0.185745	0.716974
3	1.160818	0.953559	0.470702	-1.479449	-0.865809
4	-0.259376	-0.320905	-0.684147	-2.554346	-2.223100
5	-1.458356	-1.374430	-1.556688	-3.389894	-3.296781
6	-2.392716	-2.173785	-2.157025	-3.995445	-4.075500
7	-3.064014	-2.717535	-2.521797	-4.398830	-4.581724
8	-3.500146	-3.025495	-2.702104	-4.634446	-4.855298
9	-3.739963	-3.132837	-2.752333	-4.734642	-4.940537
10	-3.823367	-3.084707	-2.720965	-4.726286	-4.879441
11	-3.787034	-2.930659	-2.645130	-4.632630	-4.711146
12	-3.665512	-2.718693	-2.548478	-4.477285	-4.474009
13	-3.490796	-2.488903	-2.442834	-4.284750	-4.205366
14	-3.289911	-2.270529	-2.334051	-4.078444	-3.938508
15	-3.084799	-2.082357	-2.227944	-3.879429	-3.699866
16	-2.893043	-1.934639	-2.131445	-3.704114	-3.506519
17	-2.727890	-1.830733	-2.049928	-3.561927	-3.363250
18	-2.597820	-1.766904	-1.984839	-3.454150	-3.262363
19	-2.506326	-1.733686	-1.934212	-3.374101	-3.188065
20	-2.453115	-1.718712	-1.894993	-3.310963	-3.124101
21	-2.435351	-1.709379	-1.864163	-3.255647	-3.060862
22	-2.447724	-1.695566	-1.837985	-3.204165	-2.996758
23	-2.482481	-1.670159	-1.811955	-3.157016	-2.933712
24	-2.529775	-1.630295	-1.782165	-3.115875	-2.873274
25	-2.579013	-1.580014	-1.746347	-3.081094	-2.815844
26	-2.621589	-1.527221	-1.704454	-3.050880	-2.760663
27	-2.652621	-1.478457	-1.657990	-3.021765	-2.705705
28	-2.669936	-1.437407	-1.609590	-2.990992	-2.648785
29	-2.672999	-1.405536	-1.563095	-2.957909	-2.589988
30	-2.662564	-1.383108	-1.522222	-2.922762	-2.532212
31	-2.638882	-1.369748	-1.488712	-2.885444	-2.479354
32	-2.599668	-1.362438	-1.462120	-2.845408	-2.434422
33	-2.542047	-1.355203	-1.441011	-2.801469	-2.398321
34	-2.467680	-1.342080	-1.423851	-2.751611	-2.369315
35	-2.383605	-1.318297	-1.408587	-2.693509	-2.343161
36	-2.297112	-1.280604	-1.392063	-2.624862	-2.314414
37	-2.211203	-1.228547	-1.369854	-2.544397	-2.277449
38	-2.124490	-1.163801	-1.337185	-2.454004	-2.226752
39	-2.034255	-1.089563	-1.289801	-2.359048	-2.157477
40	-1.938523	-1.010040	-1.224995	-2.265571	-2.067756
41	-1.835907	-0.928813	-1.143195	-2.177421	-1.961311
42	-1.725284	-0.848020	-1.047847	-2.095329	-1.846412
43	-1.605346	-0.768216	-0.943393	-2.016417	-1.731710
44	-1.473554	-0.687624	-0.834089	-1.933709	-1.621919
45	-1.326788	-0.601903	-0.723717	-1.837031	-1.515911
46	-1.164977	-0.506269	-0.615998	-1.717878	-1.407717
47	-0.993584	-0.400986	-0.515376	-1.574544	-1.290552
48	-0.822239	-0.294211	-0.427678	-1.412461	-1.161649
49	-0.661996	-0.197204	-0.360023	-1.240387	-1.023738
50	-0.523216	-0.117588	-0.318192	-1.066605	-0.883163
51	-0.415337	-0.058437	-0.303149	-0.899078	-0.746033
52	-0.342765	-0.021100	-0.309479	-0.747276	-0.617307
53	-0.299436	-0.006540	-0.326901	-0.621177	-0.502821
54	-0.270173	-0.012178	-0.344760	-0.527039	-0.409409
55	-0.239129	-0.029031	-0.356153	-0.463113	-0.342283
56	-0.196123	-0.045093	-0.357805	-0.419798	-0.300142
57	-0.135911	-0.051679	-0.347743	-0.384716	-0.273186
58	-0.056159	-0.044309	-0.324712	-0.347968	-0.248414
59	0.043709	-0.021076	-0.288169	-0.303142	-0.216665
60	0.162712	0.017616	-0.237283	-0.245739	-0.173954
61	0.296963	0.069131	-0.171021	-0.172644	-0.119201
62	0.440847	0.129526	-0.089312	-0.082503	-0.053228
63	0.590132	0.194292	0.006726	0.024469	0.021571
64	0.742677	0.260180	0.115102	0.147875	0.101885
65	0.897114	0.325905	0.233126	0.287435	0.184343
66	1.052423	0.391046	0.357852	0.440982	0.266948
67	1.207148	0.454942	0.486688	0.603509	0.349819
68	1.359303	0.516844	0.617340	0.769566	0.433814
69	1.507927	0.576862	0.747959	0.935351	0.519329
70	1.653904	0.636640	0.877523	1.099343	0.607032
71	1.798497	0.698134	1.006008	1.261509	0.698462
72	1.943150	0.762558	1.134583	1.422447	0.795640
73	2.089525	0.830447	1.265373	1.583254	0.900116
74	2.238509	0.901687	1.400446	1.745811	1.011941
75	2.390358	0.975763	1.541570	1.912255	1.130038
76	2.545703	1.052292	1.689812	2.084415	1.253212
77	2.705999	1.131259	1.845539	2.263239	1.380780
78	2.873046	1.213459	2.008626	2.448324	1.512054
79	3.049026	1.301732	2.178895	2.638289	1.646072
80	3.237141	1.401813	2.355884	2.832042	1.782266
81	3.441728	1.520875	2.539424	3.029733	1.921101
82	3.667703	1.664757	2.730351	3.232886	2.064347
83	3.920747	1.836253	2.930768	3.443331	2.214793
84	4.206727	2.035805	3.143498	3.663311	2.376373
85	4.529866	2.263394	3.372101	3.896828	2.554666
86	4.890971	2.518629	3.621722	4.149547	2.756484
87	5.286474	2.800302	3.898682	4.427343	2.989157
88	5.709785	3.106457	4.209319	4.734674	3.259215
89	6.152828	3.434658	4.558623	5.074071	3.571097
90	6.606863	3.781946	4.947890	5.447295	3.926587
91	7.062525	4.144909	5.372603	5.855008	4.324627
92	7.509708	4.519427	5.822523	6.295696	4.761213
93	7.938584	4.899367	6.284501	6.764079	5.229954
94	8.342255	5.276222	6.745706	7.250773	5.721916
95	8.719139	5.640842	7.195325	7.743732	6.225281
96	9.072725	5.984917	7.626310	8.230787	6.726355
97	9.409708	6.303098	8.036529	8.700856	7.211045
98	9.738076	6.594703	8.429341	9.145850	7.666501
99	10.064934	6.864891	8.811898	9.562156	8.082717
100	10.394647	7.124061	9.192555	9.952035	8.454318
101	10.727826	7.383836	9.579205	10.322549	8.781379