	Z:\Projects\CMB_innosuisse_shoe_oa\project_only\Multi-segment foot marker set project\Data\V3D_new processing\S12\WW\S12_WW-L-0_G_01.c3d	Z:\Projects\CMB_innosuisse_shoe_oa\project_only\Multi-segment foot marker set project\Data\V3D_new processing\S12\WW\S12_WW-L-0_G_01.c3d	Z:\Projects\CMB_innosuisse_shoe_oa\project_only\Multi-segment foot marker set project\Data\V3D_new processing\S12\WW\S12_WW-L-0_G_01.c3d	Z:\Projects\CMB_innosuisse_shoe_oa\project_only\Multi-segment foot marker set project\Data\V3D_new processing\S12\WW\S12_WW-L-0_G_01.c3d	Z:\Projects\CMB_innosuisse_shoe_oa\project_only\Multi-segment foot marker set project\Data\V3D_new processing\S12\WW\S12_WW-L-0_G_01.c3d
	Right_HFSHK_Angle	Right_HFSHK_Angle	Right_HFSHK_Angle	Right_HFSHK_Angle	Right_HFSHK_Angle
	LINK_MODEL_BASED	LINK_MODEL_BASED	LINK_MODEL_BASED	LINK_MODEL_BASED	LINK_MODEL_BASED
	ORIGINAL	ORIGINAL	ORIGINAL	ORIGINAL	ORIGINAL
ITEM	Y	Y	Y	Y	Y
1	-3.632509	-6.471281	-4.671244	-4.807924	-4.511718
2	-4.077889	-6.702807	-5.046999	-5.172981	-5.030017
3	-4.372534	-6.795155	-5.250962	-5.381822	-5.369926
4	-4.540848	-6.799056	-5.328538	-5.471877	-5.557704
5	-4.610440	-6.760300	-5.324889	-5.483976	-5.630436
6	-4.608389	-6.712382	-5.276249	-5.453042	-5.628074
7	-4.558184	-6.675136	-5.207439	-5.403381	-5.586530
8	-4.478491	-6.656525	-5.134115	-5.349185	-5.534954
9	-4.382569	-6.654536	-5.066185	-5.297602	-5.493985
10	-4.280484	-6.660443	-5.009255	-5.251056	-5.474090
11	-4.182077	-6.664650	-4.964832	-5.208813	-5.475598
12	-4.095938	-6.662872	-4.931756	-5.167577	-5.491109
13	-4.029242	-6.658046	-4.905474	-5.122099	-5.509934
14	-3.989888	-6.657073	-4.877633	-5.067833	-5.523476
15	-3.985828	-6.665744	-4.840910	-5.003227	-5.527792
16	-4.022484	-6.684453	-4.793409	-4.930932	-5.522302
17	-4.101806	-6.704888	-4.738381	-4.857350	-5.509478
18	-4.222560	-6.710466	-4.682357	-4.790908	-5.495527
19	-4.380906	-6.687436	-4.634451	-4.740505	-5.488395
20	-4.570457	-6.636429	-4.603970	-4.712729	-5.495089
21	-4.781788	-6.567393	-4.596745	-4.709633	-5.518659
22	-5.003130	-6.494394	-4.613278	-4.727238	-5.556100
23	-5.222747	-6.433566	-4.650411	-4.756386	-5.601626
24	-5.433010	-6.394068	-4.705228	-4.787745	-5.651828
25	-5.631158	-6.374895	-4.774298	-4.815880	-5.705055
26	-5.816834	-6.371643	-4.848723	-4.836673	-5.758332
27	-5.989428	-6.380552	-4.917922	-4.842954	-5.808585
28	-6.147468	-6.398563	-4.975947	-4.827683	-5.855805
29	-6.290137	-6.422076	-5.020837	-4.789619	-5.903253
30	-6.418043	-6.446465	-5.053104	-4.735748	-5.956219
31	-6.532639	-6.466625	-5.074983	-4.675821	-6.021770
32	-6.636675	-6.476407	-5.089965	-4.613097	-6.107760
33	-6.734086	-6.468930	-5.101589	-4.542357	-6.220193
34	-6.828079	-6.439670	-5.110600	-4.459031	-6.357142
35	-6.922255	-6.389534	-5.113638	-4.367093	-6.501795
36	-7.021801	-6.326263	-5.107838	-4.276728	-6.620636
37	-7.128519	-6.262832	-5.094997	-4.197959	-6.679651
38	-7.239185	-6.211069	-5.081061	-4.135911	-6.666092
39	-7.351351	-6.175472	-5.071995	-4.090310	-6.588836
40	-7.465596	-6.154533	-5.069637	-4.057318	-6.465488
41	-7.583566	-6.144418	-5.072271	-4.032086	-6.318519
42	-7.705565	-6.139801	-5.075531	-4.009967	-6.170797
43	-7.828243	-6.133883	-5.071628	-3.985761	-6.035528
44	-7.944590	-6.118551	-5.049740	-3.952651	-5.919853
45	-8.046934	-6.084568	-4.997187	-3.900942	-5.827744
46	-8.128765	-6.025643	-4.901004	-3.817630	-5.754004
47	-8.184947	-5.946471	-4.755711	-3.696390	-5.683313
48	-8.210992	-5.861943	-4.574715	-3.555300	-5.598554
49	-8.206609	-5.791022	-4.388240	-3.429674	-5.497727
50	-8.182865	-5.758563	-4.228591	-3.351546	-5.401168
51	-8.159927	-5.792554	-4.122725	-3.341144	-5.343199
52	-8.159427	-5.909394	-4.092782	-3.410224	-5.342600
53	-8.199230	-6.095093	-4.156425	-3.570567	-5.408294
54	-8.291889	-6.305224	-4.319918	-3.821448	-5.539343
55	-8.440028	-6.495187	-4.559767	-4.123783	-5.724156
56	-8.623992	-6.641665	-4.826370	-4.416913	-5.935246
57	-8.808581	-6.740005	-5.071801	-4.658251	-6.139709
58	-8.966285	-6.796787	-5.268727	-4.831166	-6.310329
59	-9.084956	-6.824537	-5.411571	-4.936179	-6.431338
60	-9.162408	-6.837849	-5.508141	-4.985577	-6.499574
61	-9.202506	-6.850543	-5.571415	-4.999401	-6.521270
62	-9.213431	-6.871548	-5.615342	-4.999259	-6.509240
63	-9.204144	-6.902667	-5.652310	-5.001977	-6.479008
64	-9.181934	-6.941114	-5.691199	-5.016226	-6.445096
65	-9.151919	-6.982892	-5.735668	-5.043675	-6.418379
66	-9.117594	-7.024658	-5.784811	-5.082210	-6.402837
67	-9.082492	-7.064103	-5.836293	-5.129304	-6.396567
68	-9.049555	-7.099312	-5.888218	-5.181708	-6.396570
69	-9.018435	-7.128242	-5.939653	-5.234637	-6.400023
70	-8.985862	-7.149700	-5.990148	-5.283093	-6.403298
71	-8.948218	-7.163981	-6.038842	-5.324113	-6.402062
72	-8.902392	-7.171533	-6.083705	-5.356834	-6.391428
73	-8.845565	-7.172765	-6.120925	-5.382104	-6.368198
74	-8.776112	-7.168208	-6.147201	-5.401278	-6.333085
75	-8.694583	-7.158046	-6.162169	-5.413396	-6.289624
76	-8.602327	-7.141633	-6.167745	-5.416084	-6.241544
77	-8.500769	-7.118007	-6.166079	-5.406994	-6.190221
78	-8.392410	-7.085712	-6.158325	-5.384089	-6.134206
79	-8.280537	-7.041976	-6.144984	-5.347194	-6.070917
80	-8.167830	-6.983618	-6.126519	-5.299979	-5.999022
81	-8.056687	-6.908970	-6.101536	-5.246404	-5.919193
82	-7.950228	-6.818261	-6.066048	-5.187226	-5.833905
83	-7.850968	-6.711615	-6.017136	-5.123151	-5.744862
84	-7.757658	-6.587797	-5.954664	-5.051397	-5.648996
85	-7.664432	-6.446290	-5.878105	-4.964556	-5.538828
86	-7.563737	-6.289174	-5.785398	-4.856660	-5.407790
87	-7.448647	-6.118119	-5.673864	-4.725711	-5.252524
88	-7.314369	-5.933214	-5.541752	-4.571811	-5.074211
89	-7.158114	-5.734603	-5.388769	-4.395315	-4.880771
90	-6.977445	-5.522186	-5.215784	-4.197435	-4.684445
91	-6.769438	-5.293927	-5.023430	-3.979812	-4.494106
92	-6.531888	-5.046567	-4.810701	-3.744759	-4.311404
93	-6.264482	-4.778625	-4.576362	-3.495476	-4.134223
94	-5.968954	-4.490750	-4.322238	-3.235234	-3.960457
95	-5.649304	-4.183641	-4.053313	-2.966857	-3.786619
96	-5.310625	-3.858667	-3.775698	-2.693521	-3.606794
97	-4.958632	-3.520329	-3.494748	-2.417991	-3.415009
98	-4.600576	-3.175783	-3.215156	-2.143150	-3.208702
99	-4.244984	-2.832563	-2.941339	-1.870937	-2.988525
100	-3.899756	-2.496772	-2.675223	-1.603209	-2.756381
101	-3.569288	-2.172837	-2.415003	-1.342585	-2.514640