	Z:\Projects\CMB_innosuisse_shoe_oa\project_only\Multi-segment foot marker set project\Data\V3D_new processing\S13\WW\S13_WW-L-0_G_01.c3d	Z:\Projects\CMB_innosuisse_shoe_oa\project_only\Multi-segment foot marker set project\Data\V3D_new processing\S13\WW\S13_WW-L-0_G_01.c3d	Z:\Projects\CMB_innosuisse_shoe_oa\project_only\Multi-segment foot marker set project\Data\V3D_new processing\S13\WW\S13_WW-L-0_G_01.c3d	Z:\Projects\CMB_innosuisse_shoe_oa\project_only\Multi-segment foot marker set project\Data\V3D_new processing\S13\WW\S13_WW-L-0_G_01.c3d	Z:\Projects\CMB_innosuisse_shoe_oa\project_only\Multi-segment foot marker set project\Data\V3D_new processing\S13\WW\S13_WW-L-0_G_01.c3d
	Right_HFSHK_Angle	Right_HFSHK_Angle	Right_HFSHK_Angle	Right_HFSHK_Angle	Right_HFSHK_Angle
	LINK_MODEL_BASED	LINK_MODEL_BASED	LINK_MODEL_BASED	LINK_MODEL_BASED	LINK_MODEL_BASED
	ORIGINAL	ORIGINAL	ORIGINAL	ORIGINAL	ORIGINAL
ITEM	Y	Y	Y	Y	Y
1	-5.468115	-4.239269	-5.562422	-5.135899	-3.944142
2	-5.836045	-4.569473	-5.935903	-5.560725	-4.426159
3	-5.977296	-4.722935	-6.073316	-5.731968	-4.687178
4	-5.940056	-4.736803	-6.031679	-5.707844	-4.767376
5	-5.781166	-4.654765	-5.874909	-5.556552	-4.720440
6	-5.555472	-4.517497	-5.663373	-5.344080	-4.601903
7	-5.314636	-4.357664	-5.446339	-5.126584	-4.461320
8	-5.098032	-4.202414	-5.260933	-4.947160	-4.338063
9	-4.937518	-4.072377	-5.130740	-4.831089	-4.258407
10	-4.852383	-3.981228	-5.061883	-4.787573	-4.237026
11	-4.848004	-3.935910	-5.049727	-4.812441	-4.275678
12	-4.917019	-3.935269	-5.081143	-4.891640	-4.365986
13	-5.039906	-3.972533	-5.139638	-5.004151	-4.490615
14	-5.189337	-4.035402	-5.208286	-5.126166	-4.627684
15	-5.336318	-4.111363	-5.272215	-5.235197	-4.756879
16	-5.458350	-4.190048	-5.321233	-5.314713	-4.863037
17	-5.543886	-4.264300	-5.351151	-5.358274	-4.939126
18	-5.591483	-4.331079	-5.363987	-5.370950	-4.982051
19	-5.606836	-4.391629	-5.367133	-5.366379	-4.995431
20	-5.599804	-4.450699	-5.370623	-5.361029	-4.987294
21	-5.581363	-4.514324	-5.383798	-5.368284	-4.967697
22	-5.561330	-4.586922	-5.412264	-5.393585	-4.946071
23	-5.548393	-4.669742	-5.454611	-5.434611	-4.930406
24	-5.551551	-4.761057	-5.503123	-5.486833	-4.927926
25	-5.578889	-4.857326	-5.550350	-5.546598	-4.945286
26	-5.631954	-4.954711	-5.592974	-5.610472	-4.986204
27	-5.702939	-5.049872	-5.629676	-5.674958	-5.048284
28	-5.779511	-5.140141	-5.659237	-5.736001	-5.122731
29	-5.851065	-5.222981	-5.680676	-5.788823	-5.197140
30	-5.910488	-5.294844	-5.692744	-5.828202	-5.259526
31	-5.953017	-5.351826	-5.693114	-5.849367	-5.301342
32	-5.976617	-5.392697	-5.680564	-5.849274	-5.318668
33	-5.983002	-5.420321	-5.658408	-5.827295	-5.311860
34	-5.976976	-5.439229	-5.631862	-5.784516	-5.285651
35	-5.964276	-5.452720	-5.602380	-5.724391	-5.248072
36	-5.949620	-5.462443	-5.567485	-5.654344	-5.206566
37	-5.935092	-5.469123	-5.524058	-5.584826	-5.164032
38	-5.919899	-5.472639	-5.470379	-5.525410	-5.119417
39	-5.901839	-5.471674	-5.406713	-5.480531	-5.071553
40	-5.878245	-5.463904	-5.334099	-5.446781	-5.020433
41	-5.846048	-5.446408	-5.253234	-5.415054	-4.965240
42	-5.801566	-5.416237	-5.164761	-5.374348	-4.902714
43	-5.741443	-5.370827	-5.068440	-5.314421	-4.828236
44	-5.664505	-5.309127	-4.961874	-5.231256	-4.737933
45	-5.573531	-5.233497	-4.842628	-5.132258	-4.630003
46	-5.476325	-5.149381	-4.711736	-5.031746	-4.505831
47	-5.381997	-5.062520	-4.573944	-4.941491	-4.370744
48	-5.295628	-4.978034	-4.435594	-4.868297	-4.231902
49	-5.218644	-4.902206	-4.303068	-4.817747	-4.094678
50	-5.153099	-4.843359	-4.183996	-4.795743	-3.961809
51	-5.103565	-4.808086	-4.086844	-4.804016	-3.835836
52	-5.072545	-4.794639	-4.012579	-4.833633	-3.722548
53	-5.055875	-4.792099	-3.949602	-4.865932	-3.630158
54	-5.043645	-4.787429	-3.882103	-4.884555	-3.563677
55	-5.025575	-4.772896	-3.800610	-4.883280	-3.519414
56	-4.996277	-4.747620	-3.702029	-4.862908	-3.483793
57	-4.955563	-4.714010	-3.590943	-4.826682	-3.440047
58	-4.905740	-4.674939	-3.465241	-4.777369	-3.378600
59	-4.849196	-4.632042	-3.332654	-4.715981	-3.299452
60	-4.786660	-4.585003	-3.196027	-4.642180	-3.206934
61	-4.716631	-4.531984	-3.057350	-4.554896	-3.105137
62	-4.636929	-4.471195	-2.917101	-4.456079	-2.996451
63	-4.546495	-4.401906	-2.772821	-4.341012	-2.882374
64	-4.446044	-4.324332	-2.627736	-4.213247	-2.764564
65	-4.337539	-4.238739	-2.478006	-4.074433	-2.640984
66	-4.223381	-4.144568	-2.321465	-3.927288	-2.514958
67	-4.105590	-4.040061	-2.160623	-3.774246	-2.386326
68	-3.985336	-3.922882	-1.990651	-3.617155	-2.255397
69	-3.863157	-3.790257	-1.812705	-3.456522	-2.122612
70	-3.739062	-3.643722	-1.628754	-3.291219	-1.988799
71	-3.613085	-3.479019	-1.442221	-3.120000	-1.855632
72	-3.485773	-3.301271	-1.257304	-2.943174	-1.724820
73	-3.361654	-3.114343	-1.077656	-2.763065	-1.597159
74	-3.238632	-2.923561	-0.905912	-2.583498	-1.473274
75	-3.119786	-2.734669	-0.743865	-2.407839	-1.353940
76	-3.003242	-2.553068	-0.591989	-2.237163	-1.239329
77	-2.885398	-2.382573	-0.449155	-2.069590	-1.128530
78	-2.762022	-2.224007	-0.313175	-1.901028	-1.019773
79	-2.629806	-2.074465	-0.181920	-1.726959	-0.910924
80	-2.486636	-1.928462	-0.053015	-1.544390	-0.799523
81	-2.331026	-1.779781	0.076450	-1.351326	-0.682528
82	-2.162123	-1.622514	0.209945	-1.145880	-0.556598
83	-1.979715	-1.451182	0.351083	-0.927030	-0.419233
84	-1.783528	-1.261467	0.503814	-0.694861	-0.268904
85	-1.572778	-1.050888	0.672494	-0.449834	-0.104613
86	-1.346584	-0.818704	0.860590	-0.193015	0.074600
87	-1.104726	-0.566106	1.068936	0.073530	0.269617
88	-0.847445	-0.296272	1.295163	0.346329	0.481069
89	-0.576065	-0.013153	1.534913	0.620588	0.709212
90	-0.293959	0.279046	1.783207	0.891779	0.953222
91	-0.006242	0.575704	2.035177	1.156714	1.210805
92	0.281758	0.870595	2.286447	1.413363	1.478458
93	0.565064	1.156330	2.533190	1.660654	1.752033
94	0.839156	1.426111	2.771552	1.898004	2.027307
95	1.100329	1.674654	2.997068	2.125840	2.299963
96	1.345886	1.898916	3.205572	2.346002	2.565835
97	1.575193	2.098384	3.393794	2.560127	2.821244
98	1.789708	2.275723	3.560131	2.768893	3.062979
99	1.991331	2.435755	3.704293	2.971819	3.288529
100	2.181865	2.583215	3.827315	3.166123	3.496482
101	2.362059	2.720730	3.931646	3.347276	3.686501