	Z:\Projects\CMB_innosuisse_shoe_oa\project_only\Multi-segment foot marker set project\Data\V3D_new processing\S13\WOW\S13_WOW-L-R_G_01.c3d	Z:\Projects\CMB_innosuisse_shoe_oa\project_only\Multi-segment foot marker set project\Data\V3D_new processing\S13\WOW\S13_WOW-L-R_G_01.c3d	Z:\Projects\CMB_innosuisse_shoe_oa\project_only\Multi-segment foot marker set project\Data\V3D_new processing\S13\WOW\S13_WOW-L-R_G_01.c3d	Z:\Projects\CMB_innosuisse_shoe_oa\project_only\Multi-segment foot marker set project\Data\V3D_new processing\S13\WOW\S13_WOW-L-R_G_01.c3d	Z:\Projects\CMB_innosuisse_shoe_oa\project_only\Multi-segment foot marker set project\Data\V3D_new processing\S13\WOW\S13_WOW-L-R_G_01.c3d
	Right_HFSHK_Angle	Right_HFSHK_Angle	Right_HFSHK_Angle	Right_HFSHK_Angle	Right_HFSHK_Angle
	LINK_MODEL_BASED	LINK_MODEL_BASED	LINK_MODEL_BASED	LINK_MODEL_BASED	LINK_MODEL_BASED
	ORIGINAL	ORIGINAL	ORIGINAL	ORIGINAL	ORIGINAL
ITEM	Y	Y	Y	Y	Y
1	-2.118659	-2.951095	-3.503640	-4.474811	-2.769099
2	-3.391371	-4.482270	-4.868467	-5.764020	-4.222455
3	-4.475437	-5.753120	-5.975038	-6.764282	-5.391344
4	-5.317026	-6.700723	-6.779480	-7.461609	-6.221246
5	-5.899509	-7.316188	-7.288327	-7.880934	-6.717718
6	-6.243550	-7.628327	-7.537268	-8.063396	-6.934638
7	-6.387637	-7.705358	-7.589206	-8.067473	-6.943642
8	-6.388549	-7.623619	-7.507864	-7.949085	-6.825826
9	-6.297390	-7.455504	-7.353091	-7.757654	-6.648623
10	-6.157921	-7.260269	-7.174407	-7.534694	-6.467424
11	-6.005710	-7.083557	-7.008022	-7.313822	-6.322794
12	-5.867156	-6.957237	-6.875493	-7.120787	-6.237603
13	-5.757545	-6.895520	-6.783723	-6.973435	-6.217598
14	-5.681118	-6.894032	-6.726490	-6.881023	-6.254116
15	-5.637018	-6.935498	-6.689898	-6.843463	-6.327855
16	-5.615659	-6.997603	-6.659518	-6.851593	-6.419096
17	-5.607878	-7.058846	-6.625601	-6.889316	-6.505536
18	-5.605272	-7.102771	-6.587840	-6.938241	-6.572234
19	-5.601631	-7.120587	-6.545857	-6.980216	-6.614369
20	-5.594718	-7.111204	-6.500962	-7.005558	-6.637196
21	-5.585993	-7.078886	-6.455235	-7.008552	-6.647700
22	-5.579310	-7.031337	-6.413853	-6.990891	-6.654772
23	-5.581062	-6.973199	-6.383351	-6.959187	-6.661045
24	-5.597995	-6.912041	-6.367112	-6.920869	-6.668221
25	-5.632207	-6.855251	-6.363855	-6.881658	-6.673818
26	-5.679862	-6.808229	-6.370805	-6.844824	-6.678088
27	-5.734186	-6.772664	-6.387540	-6.811194	-6.681515
28	-5.788439	-6.746964	-6.415771	-6.779793	-6.681090
29	-5.837568	-6.729969	-6.455546	-6.748308	-6.675331
30	-5.878650	-6.720941	-6.502172	-6.713578	-6.658933
31	-5.910197	-6.717153	-6.548276	-6.672306	-6.626935
32	-5.931519	-6.713964	-6.588378	-6.621393	-6.578318
33	-5.943127	-6.704950	-6.620308	-6.557642	-6.516312
34	-5.946244	-6.683349	-6.643075	-6.479528	-6.445549
35	-5.941781	-6.645313	-6.654233	-6.389423	-6.369768
36	-5.930756	-6.592046	-6.650356	-6.292145	-6.291128
37	-5.914180	-6.528520	-6.630426	-6.192768	-6.210914
38	-5.891296	-6.460466	-6.596957	-6.095458	-6.130763
39	-5.858859	-6.393283	-6.552393	-6.006573	-6.052353
40	-5.811450	-6.329251	-6.497619	-5.923326	-5.975751
41	-5.744748	-6.264411	-6.432816	-5.845819	-5.898741
42	-5.660059	-6.191355	-6.358714	-5.769328	-5.817411
43	-5.561973	-6.103975	-6.276236	-5.689839	-5.726212
44	-5.453244	-6.000973	-6.183380	-5.602590	-5.619296
45	-5.334834	-5.875710	-6.075967	-5.501907	-5.493460
46	-5.205753	-5.732501	-5.951799	-5.383929	-5.348519
47	-5.072141	-5.577828	-5.810681	-5.249163	-5.184915
48	-4.940489	-5.421225	-5.659774	-5.102616	-5.007975
49	-4.817223	-5.271189	-5.506447	-4.951706	-4.831959
50	-4.707209	-5.135818	-5.359671	-4.804999	-4.675178
51	-4.614488	-5.025437	-5.230791	-4.672415	-4.553520
52	-4.540935	-4.949369	-5.127923	-4.563935	-4.474577
53	-4.483472	-4.910115	-5.064407	-4.486907	-4.432857
54	-4.436201	-4.899316	-5.032101	-4.442552	-4.411036
55	-4.394994	-4.899457	-5.013912	-4.423717	-4.394382
56	-4.357792	-4.891305	-4.991889	-4.418435	-4.368192
57	-4.322786	-4.875177	-4.959683	-4.414925	-4.335310
58	-4.292001	-4.848828	-4.919169	-4.407491	-4.292076
59	-4.260852	-4.814605	-4.872469	-4.393712	-4.236901
60	-4.227851	-4.772847	-4.819234	-4.370576	-4.168738
61	-4.191244	-4.724216	-4.757463	-4.342411	-4.085147
62	-4.149477	-4.670944	-4.685435	-4.305233	-3.994604
63	-4.101365	-4.615848	-4.602969	-4.257859	-3.896909
64	-4.046492	-4.560892	-4.511167	-4.198244	-3.795691
65	-3.985851	-4.506983	-4.412196	-4.125356	-3.693807
66	-3.921430	-4.453938	-4.308900	-4.039822	-3.593035
67	-3.854269	-4.399428	-4.203471	-3.943824	-3.492592
68	-3.782969	-4.338805	-4.096213	-3.840164	-3.389071
69	-3.705169	-4.266535	-3.985257	-3.731566	-3.278471
70	-3.619826	-4.177934	-3.868096	-3.619637	-3.157441
71	-3.526632	-4.069107	-3.742477	-3.504509	-3.023600
72	-3.425034	-3.937282	-3.605678	-3.385927	-2.874684
73	-3.314940	-3.781882	-3.454327	-3.264993	-2.708706
74	-3.196609	-3.605625	-3.286469	-3.144574	-2.525453
75	-3.069439	-3.413236	-3.103303	-3.028210	-2.327276
76	-2.931925	-3.209518	-2.908422	-2.917677	-2.118535
77	-2.783847	-2.999795	-2.706599	-2.811409	-1.904287
78	-2.627006	-2.789671	-2.502387	-2.705493	-1.688478
79	-2.462798	-2.582319	-2.298401	-2.595674	-1.473558
80	-2.290659	-2.376639	-2.094488	-2.478224	-1.260044
81	-2.108229	-2.168105	-1.888500	-2.349823	-1.046488
82	-1.911563	-1.951659	-1.676758	-2.207412	-0.830391
83	-1.695419	-1.724574	-1.455133	-2.048191	-0.609321
84	-1.455253	-1.486924	-1.220863	-1.870920	-0.381302
85	-1.189248	-1.239568	-0.972731	-1.676599	-0.145026
86	-0.897856	-0.983161	-0.710709	-1.467392	0.099592
87	-0.582318	-0.717857	-0.435414	-1.245796	0.350889
88	-0.244843	-0.443391	-0.147811	-1.014245	0.606366
89	0.110829	-0.159828	0.151346	-0.774428	0.863397
90	0.479355	0.131116	0.461981	-0.527312	1.119588
91	0.854909	0.425917	0.783596	-0.273973	1.371866
92	1.231856	0.719829	1.113277	-0.016015	1.615973
93	1.603989	1.006854	1.445675	0.244002	1.846856
94	1.964766	1.280571	1.774167	0.502709	2.060576
95	2.308579	1.536233	2.091695	0.755481	2.256296
96	2.631743	1.772831	2.392757	0.997096	2.436135
97	2.932514	1.993300	2.674479	1.223117	2.604063
98	3.211211	2.202079	2.935855	1.430244	2.763696
99	3.469496	2.401588	3.176311	1.615972	2.916467
100	3.708845	2.592414	3.394392	1.778700	3.062277
101	3.928995	2.774014	3.587179	1.917784	3.201798