	Z:\Projects\CMB_innosuisse_shoe_oa\project_only\Multi-segment foot marker set project\Data\V3D_new processing\S13\WOW\S13_WOW-L-nR_G_01.c3d	Z:\Projects\CMB_innosuisse_shoe_oa\project_only\Multi-segment foot marker set project\Data\V3D_new processing\S13\WOW\S13_WOW-L-nR_G_01.c3d	Z:\Projects\CMB_innosuisse_shoe_oa\project_only\Multi-segment foot marker set project\Data\V3D_new processing\S13\WOW\S13_WOW-L-nR_G_01.c3d	Z:\Projects\CMB_innosuisse_shoe_oa\project_only\Multi-segment foot marker set project\Data\V3D_new processing\S13\WOW\S13_WOW-L-nR_G_01.c3d	Z:\Projects\CMB_innosuisse_shoe_oa\project_only\Multi-segment foot marker set project\Data\V3D_new processing\S13\WOW\S13_WOW-L-nR_G_01.c3d
	Right_HFSHK_Angle	Right_HFSHK_Angle	Right_HFSHK_Angle	Right_HFSHK_Angle	Right_HFSHK_Angle
	LINK_MODEL_BASED	LINK_MODEL_BASED	LINK_MODEL_BASED	LINK_MODEL_BASED	LINK_MODEL_BASED
	ORIGINAL	ORIGINAL	ORIGINAL	ORIGINAL	ORIGINAL
ITEM	Y	Y	Y	Y	Y
1	0.145100	-3.564636	-2.538951	-1.063550	-1.886797
2	-1.359052	-4.831787	-4.061038	-2.361587	-3.248908
3	-2.669379	-5.828719	-5.312820	-3.541612	-4.349332
4	-3.709896	-6.527678	-6.251374	-4.512124	-5.141027
5	-4.448308	-6.946171	-6.873829	-5.221326	-5.626810
6	-4.901457	-7.135028	-7.216189	-5.660475	-5.848092
7	-5.119606	-7.155491	-7.335732	-5.859590	-5.870819
8	-5.168314	-7.064680	-7.298622	-5.873806	-5.766944
9	-5.113041	-6.911301	-7.170948	-5.770326	-5.600279
10	-5.009258	-6.736433	-7.010856	-5.615843	-5.418484
11	-4.897205	-6.572529	-6.861866	-5.464914	-5.252188
12	-4.802047	-6.442984	-6.749674	-5.352470	-5.119415
13	-4.735957	-6.362865	-6.682490	-5.292328	-5.029639
14	-4.700610	-6.338269	-6.655097	-5.281895	-4.985197
15	-4.690217	-6.365518	-6.654468	-5.310164	-4.982118
16	-4.694636	-6.432137	-6.664514	-5.362233	-5.011434
17	-4.702191	-6.518909	-6.670002	-5.423103	-5.060893
18	-4.701691	-6.604679	-6.659384	-5.481690	-5.117221
19	-4.685276	-6.672611	-6.627117	-5.531378	-5.170112
20	-4.651138	-6.713635	-6.575145	-5.569395	-5.214984
21	-4.603701	-6.726313	-6.512360	-5.596886	-5.252235
22	-4.551678	-6.716632	-6.451060	-5.618345	-5.284895
23	-4.505781	-6.696588	-6.401579	-5.638466	-5.318362
24	-4.477197	-6.680088	-6.368554	-5.658804	-5.355196
25	-4.475988	-6.676550	-6.350706	-5.677789	-5.396184
26	-4.507420	-6.687223	-6.344368	-5.693412	-5.439226
27	-4.569090	-6.707403	-6.347497	-5.704503	-5.482017
28	-4.653092	-6.729492	-6.360852	-5.708632	-5.522234
29	-4.750962	-6.745863	-6.385303	-5.705688	-5.559193
30	-4.855735	-6.750071	-6.419326	-5.695667	-5.592788
31	-4.961167	-6.735258	-6.454257	-5.678048	-5.621850
32	-5.060703	-6.696835	-6.482749	-5.653636	-5.638931
33	-5.146887	-6.637460	-6.497810	-5.622664	-5.641585
34	-5.213276	-6.563800	-6.494719	-5.584892	-5.628475
35	-5.256827	-6.481494	-6.470653	-5.542597	-5.600809
36	-5.277203	-6.395783	-6.426045	-5.501039	-5.560827
37	-5.276636	-6.311499	-6.364565	-5.464306	-5.511695
38	-5.256080	-6.230584	-6.291560	-5.431342	-5.456371
39	-5.221100	-6.151853	-6.212637	-5.396492	-5.395482
40	-5.180582	-6.072313	-6.131912	-5.354367	-5.327353
41	-5.142749	-5.987635	-6.051162	-5.302390	-5.251613
42	-5.111813	-5.894271	-5.969683	-5.240362	-5.170782
43	-5.087183	-5.790884	-5.883653	-5.168799	-5.092374
44	-5.064705	-5.676921	-5.791088	-5.086608	-5.018216
45	-5.042038	-5.549803	-5.690418	-4.991030	-4.945648
46	-5.012134	-5.406156	-5.577359	-4.881225	-4.867022
47	-4.968992	-5.246581	-5.447897	-4.761309	-4.775161
48	-4.908133	-5.076366	-5.299295	-4.639266	-4.669816
49	-4.828472	-4.901544	-5.133516	-4.524343	-4.558261
50	-4.731975	-4.730153	-4.956742	-4.425637	-4.448771
51	-4.620977	-4.575118	-4.777336	-4.350983	-4.346742
52	-4.497979	-4.450711	-4.605626	-4.304247	-4.258201
53	-4.370834	-4.365843	-4.453322	-4.282167	-4.191088
54	-4.253896	-4.315633	-4.332133	-4.276174	-4.146434
55	-4.159266	-4.282161	-4.250715	-4.276729	-4.115856
56	-4.089417	-4.247933	-4.209637	-4.276973	-4.090458
57	-4.038355	-4.203126	-4.199355	-4.274344	-4.066363
58	-3.997938	-4.144201	-4.203273	-4.268453	-4.041983
59	-3.962512	-4.071227	-4.206708	-4.257703	-4.014089
60	-3.928233	-3.984651	-4.202164	-4.238564	-3.976597
61	-3.891587	-3.884017	-4.186539	-4.206588	-3.924638
62	-3.849888	-3.768445	-4.157829	-4.157993	-3.858382
63	-3.802063	-3.637659	-4.115193	-4.090313	-3.781383
64	-3.747798	-3.492285	-4.059393	-4.002452	-3.698121
65	-3.686356	-3.332771	-3.991981	-3.894555	-3.611789
66	-3.616680	-3.158748	-3.914859	-3.767695	-3.524363
67	-3.541303	-2.969308	-3.829947	-3.623640	-3.438678
68	-3.458465	-2.764436	-3.738979	-3.464594	-3.357988
69	-3.371894	-2.545657	-3.643063	-3.292448	-3.283516
70	-3.283478	-2.315094	-3.542420	-3.108624	-3.213643
71	-3.194187	-2.075026	-3.436943	-2.915647	-3.145336
72	-3.103800	-1.828356	-3.327308	-2.718884	-3.075372
73	-3.011295	-1.578081	-3.215272	-2.524907	-3.001614
74	-2.915627	-1.326735	-3.102607	-2.338400	-2.922742
75	-2.816265	-1.077393	-2.990076	-2.160762	-2.837539
76	-2.713944	-0.832631	-2.876596	-1.990621	-2.745007
77	-2.610589	-0.593302	-2.759228	-1.825434	-2.643951
78	-2.507803	-0.358199	-2.634358	-1.662129	-2.533008
79	-2.405157	-0.125574	-2.499231	-1.497327	-2.410584
80	-2.300149	0.106351	-2.352751	-1.328624	-2.275099
81	-2.188706	0.339984	-2.194668	-1.155047	-2.125855
82	-2.066193	0.578426	-2.024685	-0.975745	-1.962704
83	-1.928149	0.825234	-1.843674	-0.788861	-1.785004
84	-1.771369	1.084549	-1.649008	-0.592130	-1.591321
85	-1.594604	1.358782	-1.437666	-0.384013	-1.380073
86	-1.397818	1.647071	-1.210535	-0.163411	-1.149728
87	-1.181054	1.946857	-0.968382	0.069788	-0.899434
88	-0.944380	2.255129	-0.712136	0.313872	-0.630179
89	-0.687523	2.568340	-0.442604	0.565774	-0.344475
90	-0.410656	2.883155	-0.160679	0.822029	-0.045085
91	-0.115085	3.197454	0.132255	1.079285	0.264654
92	0.196590	3.510013	0.433391	1.333840	0.579892
93	0.520368	3.818197	0.739070	1.581113	0.895307
94	0.850545	4.116479	1.045531	1.815314	1.206097
95	1.179318	4.398710	1.350251	2.031292	1.507863
96	1.498037	4.660799	1.651047	2.226927	1.795861
97	1.798811	4.900039	1.948295	2.403800	2.065494
98	2.076282	5.114756	2.235222	2.565699	2.313660
99	2.328601	5.303522	2.511541	2.717119	2.538942
100	2.555798	5.463593	2.775526	2.862038	2.740814
101	2.758699	5.592814	3.027153	3.002859	2.918955