	Z:\Projects\CMB_innosuisse_shoe_oa\project_only\Multi-segment foot marker set project\Data\V3D_new processing\S06\WOW\S06_WOW-L-nR_G_01.c3d	Z:\Projects\CMB_innosuisse_shoe_oa\project_only\Multi-segment foot marker set project\Data\V3D_new processing\S06\WOW\S06_WOW-L-nR_G_01.c3d	Z:\Projects\CMB_innosuisse_shoe_oa\project_only\Multi-segment foot marker set project\Data\V3D_new processing\S06\WOW\S06_WOW-L-nR_G_01.c3d	Z:\Projects\CMB_innosuisse_shoe_oa\project_only\Multi-segment foot marker set project\Data\V3D_new processing\S06\WOW\S06_WOW-L-nR_G_01.c3d	Z:\Projects\CMB_innosuisse_shoe_oa\project_only\Multi-segment foot marker set project\Data\V3D_new processing\S06\WOW\S06_WOW-L-nR_G_01.c3d
	Right_HFSHK_Angle	Right_HFSHK_Angle	Right_HFSHK_Angle	Right_HFSHK_Angle	Right_HFSHK_Angle
	LINK_MODEL_BASED	LINK_MODEL_BASED	LINK_MODEL_BASED	LINK_MODEL_BASED	LINK_MODEL_BASED
	ORIGINAL	ORIGINAL	ORIGINAL	ORIGINAL	ORIGINAL
ITEM	Y	Y	Y	Y	Y
1	3.327573	4.064499	3.190003	4.700329	2.832950
2	2.247139	2.797216	1.904018	3.627707	1.880945
3	1.380787	1.673457	0.805208	2.634574	1.086164
4	0.740750	0.761918	-0.049915	1.785224	0.479688
5	0.304998	0.084480	-0.653892	1.113608	0.061434
6	0.028451	-0.378141	-1.041019	0.620878	-0.193616
7	-0.141569	-0.669748	-1.266149	0.284478	-0.323904
8	-0.248390	-0.841456	-1.383750	0.069356	-0.369988
9	-0.318149	-0.939038	-1.437306	-0.062260	-0.367753
10	-0.363079	-0.994534	-1.456459	-0.142815	-0.344276
11	-0.386922	-1.024691	-1.457014	-0.194606	-0.316412
12	-0.388916	-1.035051	-1.443990	-0.229695	-0.292787
13	-0.369150	-1.025773	-1.416996	-0.253759	-0.276342
14	-0.331572	-0.996127	-1.375514	-0.268352	-0.265596
15	-0.281064	-0.946625	-1.321280	-0.271273	-0.255691
16	-0.221777	-0.881271	-1.257222	-0.259209	-0.241024
17	-0.158673	-0.807707	-1.186361	-0.231245	-0.218448
18	-0.098798	-0.733808	-1.111733	-0.189981	-0.188351
19	-0.048614	-0.665859	-1.036049	-0.141161	-0.153068
20	-0.010891	-0.608323	-0.961063	-0.092176	-0.115166
21	0.016054	-0.562225	-0.888736	-0.048526	-0.076321
22	0.037286	-0.523973	-0.822423	-0.012427	-0.036474
23	0.058757	-0.488059	-0.763851	0.016096	0.006286
24	0.085049	-0.450064	-0.710274	0.038519	0.054877
25	0.119981	-0.407792	-0.657041	0.057637	0.110895
26	0.166830	-0.361956	-0.601771	0.077938	0.172492
27	0.225980	-0.315181	-0.544937	0.104452	0.234703
28	0.293653	-0.269756	-0.487980	0.140370	0.292515
29	0.364117	-0.227427	-0.432015	0.185694	0.343469
30	0.432333	-0.189238	-0.378434	0.236720	0.387735
31	0.494755	-0.155259	-0.329477	0.287633	0.427288
32	0.549285	-0.124633	-0.286629	0.334406	0.465167
33	0.594730	-0.095612	-0.250335	0.376096	0.503953
34	0.629938	-0.065673	-0.221029	0.412553	0.544797
35	0.655079	-0.032588	-0.197838	0.443970	0.587411
36	0.672528	0.005064	-0.176680	0.472163	0.630676
37	0.686671	0.048656	-0.151199	0.499534	0.674518
38	0.702823	0.100344	-0.116294	0.526910	0.720948
39	0.725469	0.163278	-0.069498	0.554618	0.773261
40	0.760241	0.241620	-0.009459	0.585248	0.835886
41	0.811019	0.338710	0.064885	0.624069	0.914802
42	0.880859	0.453352	0.153951	0.676678	1.016948
43	0.971057	0.578404	0.256033	0.744635	1.147000
44	1.075476	0.704540	0.364721	0.823686	1.302219
45	1.182147	0.823590	0.470581	0.906725	1.472047
46	1.277216	0.926703	0.564196	0.986320	1.645184
47	1.347230	1.002712	0.635579	1.053784	1.813685
48	1.382454	1.043375	0.674409	1.099511	1.969760
49	1.382017	1.051783	0.674678	1.115948	2.102113
50	1.355846	1.042636	0.640782	1.102371	2.199387
51	1.317373	1.032363	0.587589	1.067161	2.257500
52	1.275784	1.030854	0.532117	1.021668	2.284461
53	1.235637	1.042817	0.484974	0.972733	2.298480
54	1.199150	1.071259	0.450478	0.922997	2.316739
55	1.168749	1.116812	0.430539	0.874337	2.348424
56	1.147470	1.176741	0.426033	0.830061	2.397827
57	1.137582	1.246969	0.436664	0.794469	2.466647
58	1.139701	1.323679	0.460987	0.770316	2.552359
59	1.152976	1.404031	0.496923	0.757527	2.649425
60	1.175285	1.486476	0.543096	0.754440	2.752396
61	1.203663	1.570556	0.598022	0.759106	2.857502
62	1.234675	1.657807	0.658483	0.769790	2.962685
63	1.265934	1.752074	0.720745	0.785384	3.067609
64	1.296897	1.858828	0.782852	0.804967	3.173460
65	1.328493	1.984231	0.843907	0.827580	3.282876
66	1.362105	2.133049	0.903711	0.853065	3.400360
67	1.398673	2.307049	0.964490	0.882697	3.531591
68	1.440054	2.504688	1.031509	0.919542	3.680671
69	1.490093	2.721246	1.111165	0.968823	3.847939
70	1.552827	2.950636	1.208968	1.036570	4.030478
71	1.631281	3.187442	1.329605	1.127405	4.224147
72	1.728458	3.427010	1.477655	1.243656	4.425097
73	1.848161	3.665562	1.656801	1.385470	4.630415
74	1.994983	3.900894	1.868659	1.550686	4.837686
75	2.173208	4.132867	2.112013	1.734739	5.044722
76	2.384616	4.363070	2.382248	1.931850	5.249998
77	2.626267	4.593914	2.672444	2.137368	5.453077
78	2.891300	4.827603	2.975844	2.349426	5.654335
79	3.172321	5.065038	3.287582	2.568982	5.854762
80	3.464263	5.305689	3.605201	2.798399	6.056022
81	3.764471	5.548454	3.927452	3.039696	6.260481
82	4.071865	5.792785	4.253105	3.293444	6.471267
83	4.385631	6.038060	4.581290	3.559275	6.691592
84	4.705236	6.283486	4.912107	3.837481	6.923300
85	5.030863	6.528328	5.246337	4.129892	7.166307
86	5.363046	6.771975	5.584548	4.438566	7.419865
87	5.702160	7.013923	5.926995	4.763933	7.684171
88	6.048554	7.254008	6.273685	5.105127	7.960288
89	6.402216	7.492815	6.624112	5.461218	8.248626
90	6.762670	7.728429	6.977063	5.831139	8.548189
91	7.129566	7.966885	7.331532	6.213233	8.857693
92	7.502878	8.204059	7.687851	6.604822	9.175707
93	7.883297	8.444231	8.046975	7.002512	9.499628
94	8.271136	8.688400	8.408782	7.401241	9.825193
95	8.663511	8.934957	8.770629	7.793477	10.145825
96	9.053305	9.178195	9.126886	8.170561	10.452644
97	9.429572	9.409791	9.469692	8.524207	10.735667
98	9.779562	9.620687	9.790028	8.846068	10.985420
99	10.090609	9.802183	10.078580	9.128565	11.193809
100	10.352332	9.945893	10.324834	9.365173	11.354351
101	10.557559	10.045432	10.519023	9.550301	11.462233