	Z:\Projects\CMB_innosuisse_shoe_oa\project_only\Multi-segment foot marker set project\Data\V3D_new processing\S09\WOW\S09_WOW-L-R_G_02.c3d	Z:\Projects\CMB_innosuisse_shoe_oa\project_only\Multi-segment foot marker set project\Data\V3D_new processing\S09\WOW\S09_WOW-L-R_G_02.c3d	Z:\Projects\CMB_innosuisse_shoe_oa\project_only\Multi-segment foot marker set project\Data\V3D_new processing\S09\WOW\S09_WOW-L-R_G_02.c3d	Z:\Projects\CMB_innosuisse_shoe_oa\project_only\Multi-segment foot marker set project\Data\V3D_new processing\S09\WOW\S09_WOW-L-R_G_02.c3d	Z:\Projects\CMB_innosuisse_shoe_oa\project_only\Multi-segment foot marker set project\Data\V3D_new processing\S09\WOW\S09_WOW-L-R_G_02.c3d
	Right_HFSHK_Angle	Right_HFSHK_Angle	Right_HFSHK_Angle	Right_HFSHK_Angle	Right_HFSHK_Angle
	LINK_MODEL_BASED	LINK_MODEL_BASED	LINK_MODEL_BASED	LINK_MODEL_BASED	LINK_MODEL_BASED
	ORIGINAL	ORIGINAL	ORIGINAL	ORIGINAL	ORIGINAL
ITEM	Y	Y	Y	Y	Y
1	-0.411343	-1.858030	0.794107	-2.451343	-1.314161
2	-1.522217	-2.901810	-0.271432	-3.459181	-2.463524
3	-2.460028	-3.722934	-1.194197	-4.291021	-3.383418
4	-3.187941	-4.311228	-1.935732	-4.916573	-4.054855
5	-3.702533	-4.690176	-2.486347	-5.337753	-4.497345
6	-4.025226	-4.903893	-2.860354	-5.581011	-4.754715
7	-4.190360	-5.001423	-3.086192	-5.683678	-4.875331
8	-4.234072	-5.023223	-3.197595	-5.680596	-4.898546
9	-4.186678	-4.994823	-3.226470	-5.597719	-4.850970
10	-4.070527	-4.927999	-3.195821	-5.452375	-4.748340
11	-3.901659	-4.826124	-3.117589	-5.256824	-4.599559
12	-3.692369	-4.689795	-2.997698	-5.022012	-4.410963
13	-3.453578	-4.520535	-2.842666	-4.760538	-4.189065
14	-3.194972	-4.322184	-2.661468	-4.487349	-3.941736
15	-2.923814	-4.101409	-2.463357	-4.216592	-3.679203
16	-2.646025	-3.867720	-2.256219	-3.959658	-3.414379
17	-2.369549	-3.633759	-2.046659	-3.725854	-3.161485
18	-2.105700	-3.413847	-1.841157	-3.521583	-2.933504
19	-1.866627	-3.219854	-1.646896	-3.348377	-2.738995
20	-1.661928	-3.057779	-1.470936	-3.203582	-2.579267
21	-1.496106	-2.926906	-1.318744	-3.083227	-2.448413
22	-1.367736	-2.821362	-1.193014	-2.983804	-2.336424
23	-1.270665	-2.732617	-1.093176	-2.901505	-2.232610
24	-1.196059	-2.651855	-1.015802	-2.830470	-2.127890
25	-1.134005	-2.571818	-0.955046	-2.763044	-2.016593
26	-1.074979	-2.488586	-0.903705	-2.692771	-1.898475
27	-1.011734	-2.402552	-0.855140	-2.617148	-1.778017
28	-0.940672	-2.317452	-0.804745	-2.536841	-1.661205
29	-0.862164	-2.237535	-0.750455	-2.453132	-1.553008
30	-0.779515	-2.164889	-0.692522	-2.367431	-1.455478
31	-0.697347	-2.098619	-0.632901	-2.282000	-1.367347
32	-0.620052	-2.035787	-0.574430	-2.199655	-1.286031
33	-0.550647	-1.972910	-0.519606	-2.122075	-1.208887
34	-0.490797	-1.907437	-0.469932	-2.047698	-1.132481
35	-0.441379	-1.838284	-0.425917	-1.972555	-1.052980
36	-0.403213	-1.764735	-0.386412	-1.892667	-0.967904
37	-0.377189	-1.685038	-0.348447	-1.804841	-0.877436
38	-0.363364	-1.596745	-0.308871	-1.706783	-0.784064
39	-0.359352	-1.497824	-0.265477	-1.597259	-0.691861
40	-0.359986	-1.387207	-0.216589	-1.476260	-0.605286
41	-0.359131	-1.264253	-0.160966	-1.344809	-0.526241
42	-0.351983	-1.129697	-0.097702	-1.204104	-0.452427
43	-0.336459	-0.986647	-0.026017	-1.055433	-0.378876
44	-0.312757	-0.840191	0.054170	-0.900886	-0.301168
45	-0.282040	-0.695805	0.141302	-0.743665	-0.217214
46	-0.245457	-0.557326	0.232588	-0.587966	-0.126658
47	-0.204011	-0.425765	0.324963	-0.439693	-0.030797
48	-0.158623	-0.300300	0.416450	-0.306439	0.066294
49	-0.110302	-0.180079	0.506533	-0.193547	0.157552
50	-0.060305	-0.064977	0.592541	-0.099845	0.236031
51	-0.009878	0.044049	0.667750	-0.020175	0.299534
52	0.040213	0.145164	0.724325	0.048392	0.349694
53	0.089941	0.236261	0.757320	0.104715	0.387841
54	0.140398	0.314885	0.767945	0.146800	0.412424
55	0.191955	0.376533	0.762608	0.177249	0.418193
56	0.242198	0.415193	0.748146	0.203549	0.399915
57	0.286274	0.428541	0.729819	0.231384	0.358141
58	0.318224	0.421930	0.711427	0.260408	0.302101
59	0.333086	0.406678	0.695665	0.288099	0.245463
60	0.330131	0.393127	0.684028	0.314025	0.196764
61	0.314419	0.385215	0.676255	0.339915	0.156289
62	0.294540	0.381362	0.670053	0.367655	0.121106
63	0.276964	0.378147	0.662041	0.398321	0.088819
64	0.263822	0.373279	0.649634	0.432334	0.057713
65	0.255731	0.365547	0.632456	0.469656	0.025998
66	0.254015	0.352957	0.612444	0.509946	-0.007941
67	0.260434	0.333599	0.591930	0.552470	-0.044953
68	0.275663	0.307316	0.571848	0.595591	-0.085206
69	0.299062	0.275122	0.551631	0.636760	-0.128073
70	0.329814	0.237998	0.530070	0.673234	-0.172099
71	0.367645	0.195793	0.505766	0.703126	-0.215322
72	0.412647	0.147488	0.477455	0.726024	-0.256111
73	0.464441	0.093148	0.444786	0.742584	-0.293984
74	0.521936	0.035099	0.409401	0.754106	-0.329107
75	0.584041	-0.022865	0.375030	0.762389	-0.361017
76	0.649758	-0.075624	0.346157	0.769444	-0.388653
77	0.718188	-0.116956	0.326596	0.777133	-0.410905
78	0.788533	-0.140858	0.319093	0.786156	-0.426276
79	0.859555	-0.141967	0.326328	0.796850	-0.432919
80	0.930673	-0.116562	0.351195	0.811111	-0.428962
81	1.003351	-0.063771	0.396370	0.832923	-0.412122
82	1.080566	0.014495	0.463682	0.866769	-0.379744
83	1.165528	0.115373	0.554134	0.916625	-0.330352
84	1.260518	0.235322	0.668275	0.985622	-0.264470
85	1.366867	0.370454	0.806291	1.075395	-0.184350
86	1.484836	0.516926	0.967668	1.186094	-0.092524
87	1.614814	0.671592	1.151156	1.316274	0.010219
88	1.756779	0.832189	1.354149	1.463376	0.124958
89	1.909973	0.997298	1.572404	1.624418	0.252984
90	2.072995	1.166034	1.800621	1.796490	0.394893
91	2.244323	1.337978	2.033128	1.976348	0.549835
92	2.422230	1.513230	2.264121	2.159883	0.715566
93	2.603928	1.691572	2.488683	2.342383	0.889192
94	2.785398	1.871553	2.703222	2.518750	1.066610
95	2.961752	2.050346	2.906099	2.684483	1.242980
96	3.128119	2.224346	3.096733	2.836427	1.413695
97	3.280186	2.389672	3.274319	2.973559	1.575320
98	3.414202	2.542974	3.436978	3.096145	1.725789
99	3.526801	2.682569	3.582055	3.204431	1.863987
100	3.614514	2.807714	3.706156	3.298743	1.988789
101	3.674100	2.917604	3.805983	3.379441	2.098632