	Z:\Projects\CMB_innosuisse_shoe_oa\project_only\Multi-segment foot marker set project\Data\V3D_new processing\S14\WW\S14_WW-L-0_G_03.c3d	Z:\Projects\CMB_innosuisse_shoe_oa\project_only\Multi-segment foot marker set project\Data\V3D_new processing\S14\WW\S14_WW-L-0_G_03.c3d	Z:\Projects\CMB_innosuisse_shoe_oa\project_only\Multi-segment foot marker set project\Data\V3D_new processing\S14\WW\S14_WW-L-0_G_03.c3d	Z:\Projects\CMB_innosuisse_shoe_oa\project_only\Multi-segment foot marker set project\Data\V3D_new processing\S14\WW\S14_WW-L-0_G_03.c3d	Z:\Projects\CMB_innosuisse_shoe_oa\project_only\Multi-segment foot marker set project\Data\V3D_new processing\S14\WW\S14_WW-L-0_G_03.c3d
	Right_HFSHK_Angle	Right_HFSHK_Angle	Right_HFSHK_Angle	Right_HFSHK_Angle	Right_HFSHK_Angle
	LINK_MODEL_BASED	LINK_MODEL_BASED	LINK_MODEL_BASED	LINK_MODEL_BASED	LINK_MODEL_BASED
	ORIGINAL	ORIGINAL	ORIGINAL	ORIGINAL	ORIGINAL
ITEM	Y	Y	Y	Y	Y
1	-3.064130	-2.596028	-3.200451	-2.355421	-2.477678
2	-3.990419	-3.480552	-3.969449	-3.023895	-3.354100
3	-4.752544	-4.157561	-4.580736	-3.533481	-4.062750
4	-5.325604	-4.624325	-5.028653	-3.890889	-4.586208
5	-5.708325	-4.902145	-5.326894	-4.118165	-4.932976
6	-5.922009	-5.029388	-5.505221	-4.247689	-5.132154
7	-6.004877	-5.052877	-5.602351	-4.314960	-5.224520
8	-6.003444	-5.018003	-5.656776	-4.350697	-5.252044
9	-5.962626	-4.961665	-5.698540	-4.376045	-5.250083
10	-5.917403	-4.909623	-5.749162	-4.402619	-5.242915
11	-5.892292	-4.876118	-5.811912	-4.434157	-5.245885
12	-5.890372	-4.863331	-5.886928	-4.468610	-5.255547
13	-5.912393	-4.868473	-5.967658	-4.505094	-5.270766
14	-5.952762	-4.875621	-6.045065	-4.533721	-5.283261
15	-6.003052	-4.881922	-6.112391	-4.556503	-5.286358
16	-6.054838	-4.885757	-6.166568	-4.571019	-5.276263
17	-6.103325	-4.884202	-6.208198	-4.582409	-5.251718
18	-6.144429	-4.879769	-6.238956	-4.590300	-5.213262
19	-6.184896	-4.877336	-6.259090	-4.593631	-5.162922
20	-6.223965	-4.881920	-6.268845	-4.592668	-5.103890
21	-6.260307	-4.894584	-6.269741	-4.587669	-5.039473
22	-6.291081	-4.911238	-6.263668	-4.578752	-4.972698
23	-6.315242	-4.926839	-6.251853	-4.566626	-4.907323
24	-6.333144	-4.937886	-6.234928	-4.553008	-4.848037
25	-6.345858	-4.941049	-6.213305	-4.540433	-4.797938
26	-6.354249	-4.932805	-6.186496	-4.530895	-4.755365
27	-6.357838	-4.912281	-6.153639	-4.524739	-4.714981
28	-6.355057	-4.883592	-6.110598	-4.521479	-4.670896
29	-6.343744	-4.852738	-6.062543	-4.519894	-4.618573
30	-6.321433	-4.823983	-6.006811	-4.517100	-4.556408
31	-6.285546	-4.800789	-5.942918	-4.509940	-4.484312
32	-6.234798	-4.785244	-5.869348	-4.496536	-4.410631
33	-6.170416	-4.775786	-5.786500	-4.477205	-4.333687
34	-6.096189	-4.768411	-5.697961	-4.455298	-4.251168
35	-6.018308	-4.760305	-5.609581	-4.436360	-4.160258
36	-5.943950	-4.751146	-5.526711	-4.425502	-4.060715
37	-5.878511	-4.741238	-5.451921	-4.425318	-3.954439
38	-5.824639	-4.730170	-5.384304	-4.435299	-3.844990
39	-5.782275	-4.719088	-5.321579	-4.452951	-3.737865
40	-5.749142	-4.712971	-5.262635	-4.475831	-3.639481
41	-5.722341	-4.718183	-5.207963	-4.502705	-3.555638
42	-5.698780	-4.738689	-5.159446	-4.532784	-3.491103
43	-5.675348	-4.775519	-5.119240	-4.564180	-3.449420
44	-5.650174	-4.827010	-5.086910	-4.594149	-3.431429
45	-5.623597	-4.890139	-5.056346	-4.620469	-3.433513
46	-5.596599	-4.962100	-5.017399	-4.644968	-3.446803
47	-5.570544	-5.039210	-4.963821	-4.674048	-3.458824
48	-5.546981	-5.122053	-4.898014	-4.715315	-3.458239
49	-5.527380	-5.209072	-4.827913	-4.774322	-3.440367
50	-5.510982	-5.300524	-4.762540	-4.854817	-3.407969
51	-5.495391	-5.400595	-4.706789	-4.961226	-3.366683
52	-5.478626	-5.517117	-4.657076	-5.099902	-3.320823
53	-5.458766	-5.650442	-4.604014	-5.261641	-3.270532
54	-5.433002	-5.790831	-4.539918	-5.430603	-3.210932
55	-5.399149	-5.930000	-4.463486	-5.584959	-3.136108
56	-5.357701	-6.063663	-4.377639	-5.714331	-3.045542
57	-5.312834	-6.188621	-4.286561	-5.818522	-2.945482
58	-5.271848	-6.304298	-4.195426	-5.906157	-2.844211
59	-5.242627	-6.412627	-4.109587	-5.978045	-2.748574
60	-5.230267	-6.513912	-4.032833	-6.038284	-2.663576
61	-5.236079	-6.606381	-3.967661	-6.090824	-2.591983
62	-5.256534	-6.687620	-3.916126	-6.137973	-2.534106
63	-5.290981	-6.756022	-3.878803	-6.180907	-2.489023
64	-5.333821	-6.811606	-3.853732	-6.221461	-2.455543
65	-5.384560	-6.856009	-3.837041	-6.260260	-2.432222
66	-5.435912	-6.891397	-3.824079	-6.297212	-2.417367
67	-5.482164	-6.919208	-3.809946	-6.331825	-2.408540
68	-5.524195	-6.939338	-3.789922	-6.363508	-2.402554
69	-5.555505	-6.950226	-3.760134	-6.390816	-2.395638
70	-5.572063	-6.949189	-3.718408	-6.411105	-2.383422
71	-5.571176	-6.933137	-3.664002	-6.421055	-2.363012
72	-5.551185	-6.898704	-3.596006	-6.416670	-2.332514
73	-5.510745	-6.842703	-3.512717	-6.393574	-2.290140
74	-5.449265	-6.763315	-3.412303	-6.347599	-2.233823
75	-5.367293	-6.660283	-3.293873	-6.275653	-2.161440
76	-5.266108	-6.534731	-3.158237	-6.176746	-2.071283
77	-5.147010	-6.389112	-3.006766	-6.051879	-1.962185
78	-5.009984	-6.227272	-2.841041	-5.902943	-1.833215
79	-4.858658	-6.053670	-2.663745	-5.731901	-1.684284
80	-4.686140	-5.872110	-2.478863	-5.540640	-1.517433
81	-4.496686	-5.684740	-2.288486	-5.332153	-1.336358
82	-4.288927	-5.489824	-2.091736	-5.105599	-1.144635
83	-4.063100	-5.281943	-1.886191	-4.863207	-0.944661
84	-3.814863	-5.055260	-1.668675	-4.599282	-0.738492
85	-3.544543	-4.804312	-1.436095	-4.308830	-0.526951
86	-3.251360	-4.528638	-1.185232	-3.989319	-0.307617
87	-2.934304	-4.221639	-0.912464	-3.639824	-0.075063
88	-2.592129	-3.890066	-0.615318	-3.260465	0.175785
89	-2.223556	-3.531760	-0.293705	-2.851653	0.447115
90	-1.828037	-3.151243	0.050406	-2.414461	0.738767
91	-1.406857	-2.752853	0.413151	-1.951462	1.049071
92	-0.964230	-2.337028	0.788909	-1.467080	1.375325
93	-0.507248	-1.899826	1.171190	-0.966904	1.714419
94	-0.043976	-1.435777	1.553551	-0.455885	2.063210
95	0.418471	-0.942845	1.930370	0.062912	2.418464
96	0.875303	-0.417388	2.298858	0.588233	2.776591
97	1.326126	0.145398	2.661455	1.120577	3.134213
98	1.776877	0.751384	3.026343	1.661101	3.490498
99	2.237318	1.403077	3.404307	2.210605	3.849484
100	2.716452	2.101231	3.805382	2.768956	4.218570
101	3.214556	2.840651	4.231233	3.335448	4.601602