	Z:\Projects\CMB_innosuisse_shoe_oa\project_only\Multi-segment foot marker set project\Data\V3D_new processing\S14\WOW\S14_WOW-L-nR_G_01.c3d Copy	Z:\Projects\CMB_innosuisse_shoe_oa\project_only\Multi-segment foot marker set project\Data\V3D_new processing\S14\WOW\S14_WOW-L-nR_G_01.c3d Copy	Z:\Projects\CMB_innosuisse_shoe_oa\project_only\Multi-segment foot marker set project\Data\V3D_new processing\S14\WOW\S14_WOW-L-nR_G_01.c3d Copy	Z:\Projects\CMB_innosuisse_shoe_oa\project_only\Multi-segment foot marker set project\Data\V3D_new processing\S14\WOW\S14_WOW-L-nR_G_01.c3d Copy	Z:\Projects\CMB_innosuisse_shoe_oa\project_only\Multi-segment foot marker set project\Data\V3D_new processing\S14\WOW\S14_WOW-L-nR_G_01.c3d Copy
	Right_HFSHK_Angle	Right_HFSHK_Angle	Right_HFSHK_Angle	Right_HFSHK_Angle	Right_HFSHK_Angle
	LINK_MODEL_BASED	LINK_MODEL_BASED	LINK_MODEL_BASED	LINK_MODEL_BASED	LINK_MODEL_BASED
	ORIGINAL	ORIGINAL	ORIGINAL	ORIGINAL	ORIGINAL
ITEM	Y	Y	Y	Y	Y
1	1.817250	1.888965	0.390534	1.033589	1.480021
2	-0.031356	0.235305	-1.235802	-0.650536	0.009542
3	-1.793276	-1.303839	-2.631345	-2.153311	-1.321570
4	-3.339020	-2.611575	-3.723051	-3.375036	-2.426457
5	-4.569221	-3.619398	-4.487531	-4.262290	-3.259258
6	-5.440191	-4.315080	-4.946632	-4.810782	-3.818475
7	-5.966909	-4.728905	-5.154300	-5.059841	-4.136074
8	-6.206096	-4.916542	-5.179913	-5.078038	-4.264313
9	-6.234132	-4.945315	-5.090693	-4.943629	-4.262297
10	-6.125836	-4.880290	-4.937997	-4.725925	-4.181979
11	-5.942191	-4.772435	-4.755018	-4.474736	-4.059835
12	-5.726320	-4.654554	-4.562424	-4.220865	-3.917784
13	-5.504779	-4.543762	-4.372337	-3.982306	-3.769169
14	-5.291981	-4.444675	-4.190443	-3.768590	-3.622381
15	-5.093934	-4.354207	-4.018860	-3.582169	-3.481290
16	-4.910920	-4.265810	-3.859640	-3.420315	-3.346272
17	-4.740418	-4.171649	-3.715815	-3.278667	-3.216544
18	-4.579535	-4.066752	-3.588312	-3.153565	-3.090587
19	-4.426033	-3.951221	-3.473967	-3.042213	-2.964344
20	-4.279080	-3.828606	-3.369077	-2.941924	-2.832986
21	-4.140686	-3.704443	-3.273055	-2.850725	-2.694824
22	-4.015242	-3.586124	-3.187551	-2.769277	-2.553363
23	-3.906338	-3.480910	-3.114331	-2.700076	-2.416843
24	-3.815648	-3.392522	-3.055579	-2.645188	-2.295398
25	-3.743635	-3.321899	-3.014139	-2.605112	-2.197842
26	-3.688535	-3.269976	-2.991240	-2.578139	-2.128750
27	-3.645640	-3.235993	-2.984112	-2.561321	-2.087700
28	-3.608636	-3.215611	-2.986019	-2.552547	-2.071393
29	-3.571523	-3.202331	-2.988239	-2.549617	-2.075689
30	-3.530319	-3.189858	-2.983094	-2.548044	-2.095860
31	-3.482244	-3.173405	-2.966524	-2.541772	-2.126363
32	-3.424296	-3.150141	-2.937931	-2.526298	-2.160477
33	-3.355005	-3.118899	-2.897818	-2.499389	-2.190168
34	-3.274798	-3.080405	-2.847528	-2.459560	-2.208530
35	-3.185781	-3.037665	-2.791498	-2.406883	-2.212062
36	-3.091573	-2.994212	-2.736476	-2.344310	-2.200151
37	-2.996394	-2.952938	-2.688180	-2.276656	-2.173941
38	-2.904965	-2.914919	-2.649784	-2.209225	-2.135300
39	-2.821124	-2.877650	-2.621508	-2.146071	-2.086651
40	-2.746149	-2.836368	-2.600966	-2.089356	-2.032599
41	-2.678808	-2.787319	-2.583728	-2.040036	-1.979358
42	-2.614670	-2.728366	-2.563098	-1.997360	-1.931494
43	-2.545826	-2.656699	-2.531415	-1.958220	-1.890799
44	-2.462592	-2.569816	-2.483670	-1.918346	-1.856205
45	-2.359159	-2.470932	-2.423105	-1.873547	-1.824103
46	-2.239718	-2.372519	-2.363881	-1.823797	-1.792865
47	-2.119315	-2.291513	-2.323793	-1.778895	-1.766795
48	-2.017975	-2.239662	-2.314012	-1.754869	-1.752494
49	-1.949908	-2.220970	-2.336119	-1.763487	-1.753954
50	-1.917202	-2.235733	-2.382933	-1.807980	-1.773948
51	-1.914573	-2.277505	-2.442855	-1.884174	-1.815309
52	-1.936496	-2.332508	-2.507524	-1.980691	-1.876211
53	-1.977129	-2.388645	-2.570188	-2.082971	-1.950339
54	-2.029420	-2.439662	-2.622438	-2.180389	-2.031743
55	-2.086127	-2.483084	-2.659005	-2.267544	-2.115970
56	-2.143313	-2.518221	-2.680349	-2.341218	-2.200072
57	-2.202427	-2.545694	-2.691223	-2.398196	-2.282439
58	-2.266465	-2.568534	-2.696344	-2.437190	-2.361793
59	-2.337109	-2.592008	-2.696611	-2.461151	-2.438591
60	-2.415452	-2.621643	-2.690618	-2.476274	-2.516575
61	-2.500783	-2.659976	-2.676883	-2.490604	-2.599411
62	-2.590230	-2.705409	-2.654723	-2.512150	-2.686488
63	-2.680496	-2.754252	-2.624091	-2.546950	-2.773968
64	-2.767967	-2.802849	-2.585246	-2.597963	-2.857045
65	-2.848862	-2.848635	-2.538608	-2.664513	-2.931056
66	-2.919658	-2.889819	-2.484904	-2.743289	-2.992320
67	-2.976740	-2.923887	-2.425059	-2.828900	-3.038522
68	-3.016307	-2.945914	-2.358976	-2.913826	-3.068036
69	-3.035419	-2.950334	-2.285161	-2.989490	-3.079437
70	-3.032990	-2.933885	-2.202002	-3.047886	-3.071425
71	-3.009408	-2.895200	-2.108077	-3.082671	-3.042405
72	-2.966212	-2.832591	-2.001850	-3.089558	-2.990428
73	-2.905179	-2.744457	-1.881313	-3.066143	-2.913764
74	-2.827929	-2.631374	-1.744195	-3.012066	-2.811358
75	-2.735312	-2.495999	-1.589204	-2.928543	-2.682893
76	-2.626197	-2.341151	-1.416483	-2.817508	-2.528600
77	-2.496577	-2.169125	-1.226042	-2.680928	-2.348548
78	-2.339984	-1.981694	-1.017085	-2.520562	-2.142414
79	-2.149606	-1.778259	-0.788579	-2.338021	-1.909791
80	-1.920716	-1.554039	-0.539875	-2.134463	-1.651026
81	-1.651823	-1.302766	-0.271334	-1.910670	-1.367115
82	-1.344665	-1.020436	0.015955	-1.667572	-1.058860
83	-1.003659	-0.706386	0.321411	-1.405804	-0.726480
84	-0.634906	-0.362544	0.643987	-1.125398	-0.369465
85	-0.244393	0.008581	0.981695	-0.826001	0.012541
86	0.165432	0.405524	1.331848	-0.507253	0.418789
87	0.596162	0.827132	1.691805	-0.168469	0.847658
88	1.049949	1.271354	2.060394	0.191977	1.297540
89	1.527051	1.735027	2.438538	0.576496	1.767168
90	2.026677	2.215224	2.828587	0.987703	2.255715
91	2.548354	2.710112	3.233197	1.427211	2.762946
92	3.092551	3.218484	3.655552	1.894854	3.289215
93	3.658818	3.740134	4.098808	2.388154	3.834463
94	4.243429	4.275568	4.564394	2.903138	4.397313
95	4.839373	4.824995	5.050043	3.435691	4.975516
96	5.438756	5.385608	5.548428	3.982487	5.564009
97	6.034986	5.950256	6.048200	4.539728	6.154827
98	6.622735	6.509048	6.537270	5.102042	6.742333
99	7.197161	7.052645	7.006705	5.661633	7.318412
100	7.753325	7.574577	7.453572	6.208155	7.873809
101	8.287947	8.071828	7.880520	6.730303	8.398768