	Z:\Projects\CMB_innosuisse_shoe_oa\project_only\Multi-segment foot marker set project\Data\V3D_new processing\S16\WW\S16_WW-L-0_G_01.c3d	Z:\Projects\CMB_innosuisse_shoe_oa\project_only\Multi-segment foot marker set project\Data\V3D_new processing\S16\WW\S16_WW-L-0_G_01.c3d	Z:\Projects\CMB_innosuisse_shoe_oa\project_only\Multi-segment foot marker set project\Data\V3D_new processing\S16\WW\S16_WW-L-0_G_01.c3d	Z:\Projects\CMB_innosuisse_shoe_oa\project_only\Multi-segment foot marker set project\Data\V3D_new processing\S16\WW\S16_WW-L-0_G_01.c3d	Z:\Projects\CMB_innosuisse_shoe_oa\project_only\Multi-segment foot marker set project\Data\V3D_new processing\S16\WW\S16_WW-L-0_G_01.c3d
	Right_HFSHK_Angle	Right_HFSHK_Angle	Right_HFSHK_Angle	Right_HFSHK_Angle	Right_HFSHK_Angle
	LINK_MODEL_BASED	LINK_MODEL_BASED	LINK_MODEL_BASED	LINK_MODEL_BASED	LINK_MODEL_BASED
	ORIGINAL	ORIGINAL	ORIGINAL	ORIGINAL	ORIGINAL
ITEM	Y	Y	Y	Y	Y
1	-1.799516	-2.628307	-2.782686	-2.966007	-2.509517
2	-2.260858	-2.954586	-3.144769	-3.303132	-3.077142
3	-2.629546	-3.164681	-3.404072	-3.539824	-3.518904
4	-2.898996	-3.266391	-3.562428	-3.682063	-3.827773
5	-3.070655	-3.275521	-3.626426	-3.739385	-4.006366
6	-3.154343	-3.213803	-3.610956	-3.729506	-4.071039
7	-3.168681	-3.106908	-3.536170	-3.672097	-4.046946
8	-3.138005	-2.981277	-3.425127	-3.589891	-3.965327
9	-3.092041	-2.859664	-3.300890	-3.505752	-3.859585
10	-3.051681	-2.758824	-3.183781	-3.438049	-3.760206
11	-3.030837	-2.687906	-3.089538	-3.398827	-3.689863
12	-3.036175	-2.653288	-3.027949	-3.394359	-3.659873
13	-3.068604	-2.655970	-3.002419	-3.424932	-3.671040
14	-3.121644	-2.695913	-3.010693	-3.483746	-3.716088
15	-3.183173	-2.766876	-3.046040	-3.558506	-3.780029
16	-3.240831	-2.858403	-3.101954	-3.636628	-3.841190
17	-3.285679	-2.957262	-3.166868	-3.709890	-3.873828
18	-3.313672	-3.049341	-3.232761	-3.774763	-3.857042
19	-3.326870	-3.123983	-3.289869	-3.830978	-3.785499
20	-3.331606	-3.176960	-3.337537	-3.881547	-3.670380
21	-3.334397	-3.211628	-3.377216	-3.931956	-3.532279
22	-3.339155	-3.237444	-3.411367	-3.987459	-3.390603
23	-3.348287	-3.266223	-3.441451	-4.051033	-3.257614
24	-3.355303	-3.308122	-3.467114	-4.122253	-3.137938
25	-3.356738	-3.368722	-3.487918	-4.196972	-3.032223
26	-3.349507	-3.446389	-3.504580	-4.268321	-2.934851
27	-3.336179	-3.529605	-3.517805	-4.329482	-2.842275
28	-3.320104	-3.600313	-3.528336	-4.375795	-2.746150
29	-3.299959	-3.644192	-3.536617	-4.405007	-2.638931
30	-3.271677	-3.656049	-3.540809	-4.416656	-2.516685
31	-3.232057	-3.637840	-3.535737	-4.410861	-2.378688
32	-3.179659	-3.595546	-3.515735	-4.386981	-2.228265
33	-3.115301	-3.536218	-3.478634	-4.343657	-2.075029
34	-3.042385	-3.466158	-3.425932	-4.281137	-1.932852
35	-2.965907	-3.390494	-3.360284	-4.205658	-1.811814
36	-2.889914	-3.313149	-3.286430	-4.131417	-1.719475
37	-2.817261	-3.236967	-3.213063	-4.074697	-1.652715
38	-2.750166	-3.163995	-3.150045	-4.043414	-1.603204
39	-2.689895	-3.097538	-3.103765	-4.034733	-1.559303
40	-2.638286	-3.044003	-3.074304	-4.043424	-1.511449
41	-2.600322	-3.012804	-3.056540	-4.059163	-1.454072
42	-2.582957	-3.014196	-3.045325	-4.076937	-1.385289
43	-2.588187	-3.053288	-3.038024	-4.093108	-1.305290
44	-2.608990	-3.122257	-3.039084	-4.106238	-1.213862
45	-2.628210	-3.204758	-3.049174	-4.110548	-1.112156
46	-2.628419	-3.278444	-3.065413	-4.099556	-1.007009
47	-2.601686	-3.323836	-3.080092	-4.069144	-0.908260
48	-2.549149	-3.333973	-3.087020	-4.020289	-0.823825
49	-2.475889	-3.313896	-3.085490	-3.958314	-0.759746
50	-2.389997	-3.274567	-3.078968	-3.891961	-0.721106
51	-2.302680	-3.229216	-3.073811	-3.831751	-0.709848
52	-2.228520	-3.192701	-3.077737	-3.786803	-0.718646
53	-2.186914	-3.182845	-3.094683	-3.760214	-0.729013
54	-2.191902	-3.216804	-3.120188	-3.745150	-0.722081
55	-2.236278	-3.294430	-3.143185	-3.728805	-0.690351
56	-2.292377	-3.391825	-3.154821	-3.702377	-0.637707
57	-2.336622	-3.480533	-3.152565	-3.664029	-0.571810
58	-2.362446	-3.546635	-3.140397	-3.615451	-0.499872
59	-2.371475	-3.588668	-3.122190	-3.559049	-0.428280
60	-2.367221	-3.610607	-3.098474	-3.497354	-0.362451
61	-2.353330	-3.618214	-3.068141	-3.432148	-0.305650
62	-2.332704	-3.615917	-3.029907	-3.364087	-0.258047
63	-2.307564	-3.604761	-2.983266	-3.293380	-0.216202
64	-2.279796	-3.584292	-2.929126	-3.220622	-0.174609
65	-2.250589	-3.554182	-2.869167	-3.146391	-0.128481
66	-2.220030	-3.512649	-2.805053	-3.071037	-0.075282
67	-2.186969	-3.459876	-2.738180	-2.994033	-0.014076
68	-2.149868	-3.393958	-2.669190	-2.915916	0.055507
69	-2.107161	-3.315109	-2.597934	-2.833097	0.133290
70	-2.057634	-3.225506	-2.523447	-2.746017	0.218746
71	-2.000162	-3.128983	-2.444139	-2.653312	0.311470
72	-1.933562	-3.029596	-2.358352	-2.552709	0.410930
73	-1.856678	-2.929502	-2.264618	-2.443713	0.517218
74	-1.768590	-2.828178	-2.161572	-2.325549	0.629714
75	-1.668576	-2.723386	-2.047733	-2.198857	0.752735
76	-1.557107	-2.612251	-1.921885	-2.062316	0.886458
77	-1.435642	-2.491847	-1.784310	-1.919992	1.032513
78	-1.306023	-2.359566	-1.636787	-1.775804	1.191727
79	-1.170070	-2.214147	-1.483032	-1.627687	1.363832
80	-1.029397	-2.055719	-1.323132	-1.477578	1.547076
81	-0.885043	-1.885302	-1.160533	-1.326371	1.738696
82	-0.737528	-1.704138	-0.995598	-1.174068	1.935270
83	-0.584180	-1.513154	-0.827599	-1.019608	2.132769
84	-0.426444	-1.314452	-0.654924	-0.861397	2.327268
85	-0.264312	-1.107481	-0.476255	-0.697123	2.515675
86	-0.097942	-0.892940	-0.290998	-0.526321	2.697011
87	0.073050	-0.672662	-0.098994	-0.347454	2.872727
88	0.248990	-0.448133	0.099492	-0.159427	3.044642
89	0.429922	-0.220685	0.303640	0.038306	3.214312
90	0.615741	0.008816	0.512245	0.246540	3.381356
91	0.805816	0.239499	0.723687	0.464273	3.545825
92	0.999026	0.470917	0.936441	0.690744	3.707630
93	1.194624	0.702835	1.149060	0.924688	3.868077
94	1.392452	0.935205	1.360187	1.164171	4.029700
95	1.592883	1.167634	1.567703	1.405362	4.194505
96	1.796378	1.399163	1.768749	1.637064	4.362557
97	2.003035	1.628623	1.959745	1.864856	4.531169
98	2.212049	1.854945	2.136364	2.079610	4.694879
99	2.420835	2.078686	2.293502	2.279380	4.847033
100	2.624126	2.302542	2.425335	2.463153	4.981914
101	2.815226	2.529670	2.526047	2.630907	5.095538