	Z:\Projects\CMB_innosuisse_shoe_oa\project_only\Multi-segment foot marker set project\Data\V3D_new processing\S16\WOW\S16_WOW-L-R_G_01.c3d	Z:\Projects\CMB_innosuisse_shoe_oa\project_only\Multi-segment foot marker set project\Data\V3D_new processing\S16\WOW\S16_WOW-L-R_G_01.c3d	Z:\Projects\CMB_innosuisse_shoe_oa\project_only\Multi-segment foot marker set project\Data\V3D_new processing\S16\WOW\S16_WOW-L-R_G_01.c3d	Z:\Projects\CMB_innosuisse_shoe_oa\project_only\Multi-segment foot marker set project\Data\V3D_new processing\S16\WOW\S16_WOW-L-R_G_01.c3d	Z:\Projects\CMB_innosuisse_shoe_oa\project_only\Multi-segment foot marker set project\Data\V3D_new processing\S16\WOW\S16_WOW-L-R_G_01.c3d
	Right_HFSHK_Angle	Right_HFSHK_Angle	Right_HFSHK_Angle	Right_HFSHK_Angle	Right_HFSHK_Angle
	LINK_MODEL_BASED	LINK_MODEL_BASED	LINK_MODEL_BASED	LINK_MODEL_BASED	LINK_MODEL_BASED
	ORIGINAL	ORIGINAL	ORIGINAL	ORIGINAL	ORIGINAL
ITEM	Y	Y	Y	Y	Y
1	-1.347893	-2.374415	-1.368106	-2.113104	-1.115256
2	-2.319047	-3.254613	-2.173925	-2.885723	-2.181911
3	-3.133021	-3.974699	-2.877074	-3.535126	-3.096112
4	-3.753711	-4.515502	-3.450414	-4.034826	-3.827578
5	-4.167959	-4.869234	-3.882278	-4.363830	-4.363777
6	-4.381748	-5.038187	-4.168256	-4.510392	-4.704354
7	-4.415719	-5.037022	-4.310060	-4.478961	-4.858883
8	-4.302015	-4.893145	-4.319673	-4.293823	-4.845716
9	-4.083905	-4.644449	-4.219207	-3.996283	-4.691842
10	-3.812463	-4.335270	-4.034575	-3.636652	-4.432887
11	-3.535856	-4.009628	-3.793572	-3.264991	-4.108251
12	-3.288702	-3.705802	-3.528461	-2.925458	-3.756505
13	-3.092268	-3.452355	-3.273859	-2.651137	-3.415125
14	-2.959218	-3.263823	-3.057434	-2.458590	-3.117526
15	-2.894207	-3.140694	-2.892733	-2.348724	-2.886617
16	-2.891436	-3.071525	-2.782172	-2.310216	-2.730048
17	-2.933958	-3.038274	-2.721872	-2.322626	-2.641787
18	-2.999286	-3.024136	-2.703914	-2.363079	-2.608166
19	-3.068902	-3.017141	-2.718534	-2.415628	-2.613316
20	-3.130202	-3.011980	-2.753051	-2.471121	-2.643408
21	-3.172536	-3.009540	-2.793800	-2.524070	-2.688400
22	-3.188342	-3.011980	-2.830919	-2.573332	-2.740447
23	-3.177875	-3.020139	-2.859626	-2.620818	-2.792409
24	-3.148895	-3.034660	-2.878997	-2.666812	-2.839103
25	-3.110112	-3.056467	-2.889006	-2.707393	-2.879367
26	-3.066715	-3.085332	-2.888390	-2.736786	-2.914240
27	-3.020639	-3.118867	-2.875871	-2.749751	-2.943982
28	-2.971510	-3.152524	-2.851801	-2.742568	-2.967752
29	-2.918838	-3.181177	-2.818377	-2.715140	-2.983566
30	-2.862481	-3.199467	-2.778565	-2.671044	-2.988658
31	-2.803530	-3.201301	-2.734994	-2.615713	-2.982038
32	-2.744944	-3.181399	-2.688761	-2.554471	-2.964950
33	-2.688999	-3.138964	-2.638497	-2.491258	-2.937947
34	-2.637207	-3.078334	-2.581583	-2.429156	-2.897786
35	-2.590335	-3.006429	-2.516135	-2.369963	-2.841661
36	-2.546317	-2.931812	-2.440790	-2.312937	-2.773962
37	-2.501558	-2.864241	-2.355683	-2.256422	-2.704163
38	-2.452653	-2.811375	-2.265598	-2.200623	-2.640838
39	-2.397610	-2.774782	-2.179364	-2.146800	-2.590282
40	-2.337103	-2.750003	-2.103991	-2.094109	-2.555208
41	-2.271487	-2.729316	-2.040538	-2.038559	-2.532871
42	-2.198842	-2.705578	-1.983607	-1.975382	-2.516300
43	-2.115859	-2.674467	-1.923157	-1.901156	-2.496515
44	-2.018323	-2.632452	-1.848552	-1.812735	-2.465450
45	-1.900701	-2.573548	-1.752389	-1.705666	-2.418434
46	-1.757446	-2.490270	-1.630631	-1.577370	-2.352517
47	-1.586392	-2.376577	-1.482860	-1.432392	-2.264769
48	-1.389876	-2.232208	-1.314369	-1.279434	-2.153292
49	-1.175275	-2.064285	-1.136103	-1.126053	-2.022446
50	-0.955246	-1.884931	-0.961778	-0.979507	-1.883750
51	-0.745757	-1.710222	-0.810195	-0.849569	-1.751186
52	-0.563711	-1.558335	-0.702986	-0.750062	-1.639800
53	-0.424567	-1.445276	-0.654419	-0.694826	-1.565268
54	-0.340947	-1.381238	-0.665747	-0.692773	-1.538071
55	-0.318915	-1.369951	-0.722837	-0.741956	-1.560648
56	-0.350637	-1.404984	-0.800336	-0.822788	-1.627099
57	-0.410606	-1.465274	-0.875425	-0.905835	-1.720499
58	-0.467716	-1.523984	-0.936085	-0.969611	-1.819815
59	-0.502520	-1.562248	-0.978876	-1.005780	-1.911522
60	-0.508380	-1.571061	-1.004668	-1.013418	-1.991089
61	-0.486383	-1.546366	-1.015088	-0.994724	-2.058011
62	-0.443467	-1.486963	-1.010938	-0.953793	-2.112600
63	-0.389048	-1.395015	-0.993905	-0.896335	-2.155726
64	-0.329485	-1.276553	-0.968248	-0.827297	-2.189162
65	-0.265822	-1.140970	-0.939751	-0.748296	-2.214987
66	-0.196397	-0.998401	-0.914549	-0.657008	-2.234735
67	-0.118566	-0.856883	-0.897274	-0.548255	-2.248636
68	-0.029028	-0.720276	-0.888218	-0.416385	-2.254478
69	0.073984	-0.588591	-0.883222	-0.258594	-2.247339
70	0.188184	-0.460584	-0.877085	-0.076334	-2.222088
71	0.308012	-0.335033	-0.867248	0.125539	-2.175937
72	0.428967	-0.211083	-0.853165	0.340291	-2.108110
73	0.550347	-0.088875	-0.833328	0.561098	-2.018673
74	0.674287	0.031218	-0.803592	0.782813	-1.908410
75	0.802910	0.150144	-0.758436	1.002034	-1.778575
76	0.936422	0.270758	-0.693662	1.217014	-1.630456
77	1.074718	0.396998	-0.606539	1.427101	-1.465515
78	1.218629	0.533353	-0.494831	1.632507	-1.285523
79	1.368484	0.684205	-0.356738	1.834905	-1.092724
80	1.524688	0.851819	-0.191456	2.036252	-0.889763
81	1.689320	1.035417	0.000657	2.238425	-0.679292
82	1.865803	1.232113	0.218816	2.444521	-0.463633
83	2.056881	1.438377	0.461431	2.658162	-0.244471
84	2.262552	1.651595	0.725253	2.881475	-0.021978
85	2.480628	1.870872	1.005947	3.114209	0.205524
86	2.707929	2.096594	1.298724	3.354841	0.440089
87	2.939906	2.329417	1.599153	3.601199	0.682727
88	3.171962	2.568715	1.904384	3.850618	0.933793
89	3.400603	2.812124	2.213078	4.099916	1.193338
90	3.622997	3.055690	2.524467	4.345713	1.460281
91	3.836111	3.294161	2.836460	4.585135	1.731890
92	4.036541	3.522436	3.145223	4.815303	2.004471
93	4.221313	3.737042	3.446346	5.033409	2.274206
94	4.388698	3.935873	3.735813	5.236931	2.538144
95	4.537774	4.117766	4.011367	5.422454	2.794325
96	4.667790	4.282189	4.273285	5.583636	3.041070
97	4.778989	4.427527	4.522796	5.711240	3.275225
98	4.872983	4.549427	4.759520	5.796851	3.491115
99	4.952786	4.642331	4.980505	5.837005	3.681140
100	5.022673	4.703853	5.180752	5.833242	3.838177
101	5.087937	4.736977	5.354846	5.790785	3.959076