	Z:\Projects\CMB_innosuisse_shoe_oa\project_only\Multi-segment foot marker set project\Data\V3D_new processing\S15\WW\S15_WW-L-0_G_01.c3d	Z:\Projects\CMB_innosuisse_shoe_oa\project_only\Multi-segment foot marker set project\Data\V3D_new processing\S15\WW\S15_WW-L-0_G_01.c3d	Z:\Projects\CMB_innosuisse_shoe_oa\project_only\Multi-segment foot marker set project\Data\V3D_new processing\S15\WW\S15_WW-L-0_G_01.c3d	Z:\Projects\CMB_innosuisse_shoe_oa\project_only\Multi-segment foot marker set project\Data\V3D_new processing\S15\WW\S15_WW-L-0_G_01.c3d	Z:\Projects\CMB_innosuisse_shoe_oa\project_only\Multi-segment foot marker set project\Data\V3D_new processing\S15\WW\S15_WW-L-0_G_01.c3d
	Right_HFSHK_Angle	Right_HFSHK_Angle	Right_HFSHK_Angle	Right_HFSHK_Angle	Right_HFSHK_Angle
	LINK_MODEL_BASED	LINK_MODEL_BASED	LINK_MODEL_BASED	LINK_MODEL_BASED	LINK_MODEL_BASED
	ORIGINAL	ORIGINAL	ORIGINAL	ORIGINAL	ORIGINAL
ITEM	Y	Y	Y	Y	Y
1	-3.057884	-2.629103	-1.973813	-2.601536	-2.069586
2	-3.595268	-3.328480	-2.673356	-3.198167	-2.743870
3	-4.030199	-3.911164	-3.276737	-3.710464	-3.333334
4	-4.357953	-4.360064	-3.768801	-4.124125	-3.816840
5	-4.588509	-4.681026	-4.150205	-4.437132	-4.191503
6	-4.743235	-4.898712	-4.435435	-4.661138	-4.471043
7	-4.847868	-5.045197	-4.646774	-4.818476	-4.678868
8	-4.925837	-5.149649	-4.806121	-4.934172	-4.838707
9	-4.994533	-5.232250	-4.928479	-5.028142	-4.967926
10	-5.064173	-5.301967	-5.020579	-5.111922	-5.075821
11	-5.138124	-5.358709	-5.084590	-5.188889	-5.165171
12	-5.213588	-5.399144	-5.123220	-5.256396	-5.235365
13	-5.283069	-5.421814	-5.141913	-5.310118	-5.285315
14	-5.337811	-5.428680	-5.147676	-5.348878	-5.316553
15	-5.373053	-5.424675	-5.146897	-5.374999	-5.335476
16	-5.391581	-5.416926	-5.144701	-5.391694	-5.350141
17	-5.402113	-5.413289	-5.145763	-5.402999	-5.365586
18	-5.415458	-5.420169	-5.153907	-5.414656	-5.382794
19	-5.441060	-5.441056	-5.172189	-5.433170	-5.400046
20	-5.484870	-5.474977	-5.202436	-5.463650	-5.415334
21	-5.548130	-5.516566	-5.243804	-5.507710	-5.427474
22	-5.627321	-5.559144	-5.292748	-5.562571	-5.436052
23	-5.715679	-5.597679	-5.344660	-5.621822	-5.440688
24	-5.805550	-5.629284	-5.395234	-5.678118	-5.440587
25	-5.890213	-5.653004	-5.441255	-5.726779	-5.435138
26	-5.964715	-5.670190	-5.481020	-5.766772	-5.423637
27	-6.026268	-5.683943	-5.514033	-5.798912	-5.404687
28	-6.074366	-5.697206	-5.540411	-5.825005	-5.376506
29	-6.110320	-5.710981	-5.560725	-5.847101	-5.338914
30	-6.136437	-5.724313	-5.576426	-5.866120	-5.295062
31	-6.155356	-5.736620	-5.590193	-5.881622	-5.249791
32	-6.169399	-5.749093	-5.605391	-5.893081	-5.207051
33	-6.180180	-5.762943	-5.625081	-5.901099	-5.168250
34	-6.188656	-5.777954	-5.651265	-5.907701	-5.131785
35	-6.195173	-5.793202	-5.684744	-5.914751	-5.095349
36	-6.199430	-5.808999	-5.724449	-5.921686	-5.058609
37	-6.200859	-5.826698	-5.766703	-5.926124	-5.022255
38	-6.199338	-5.844775	-5.805845	-5.927042	-4.984889
39	-6.195455	-5.855783	-5.837533	-5.925960	-4.941327
40	-6.190647	-5.848651	-5.859512	-5.925158	-4.884907
41	-6.185905	-5.810560	-5.869799	-5.925931	-4.807991
42	-6.180366	-5.727312	-5.866612	-5.926568	-4.700430
43	-6.171098	-5.587467	-5.849254	-5.921510	-4.553450
44	-6.153961	-5.386310	-5.818692	-5.904361	-4.366437
45	-6.124632	-5.132878	-5.779079	-5.871183	-4.152504
46	-6.080111	-4.858616	-5.739789	-5.822254	-3.940354
47	-6.020714	-4.623006	-5.713100	-5.765108	-3.768522
48	-5.952557	-4.499517	-5.710161	-5.715338	-3.672399
49	-5.888722	-4.541901	-5.735493	-5.689836	-3.668593
50	-5.844025	-4.744760	-5.789816	-5.698782	-3.749417
51	-5.824845	-5.054503	-5.868463	-5.743281	-3.891321
52	-5.825464	-5.397969	-5.961335	-5.816030	-4.063844
53	-5.835330	-5.718216	-6.055673	-5.904701	-4.237595
54	-5.845356	-5.980747	-6.142430	-5.996174	-4.392931
55	-5.847092	-6.173391	-6.218894	-6.079741	-4.522378
56	-5.832720	-6.304739	-6.285237	-6.149449	-4.626929
57	-5.799778	-6.393586	-6.341527	-6.203669	-4.712529
58	-5.753269	-6.455714	-6.387410	-6.242929	-4.786480
59	-5.700418	-6.500431	-6.421498	-6.269201	-4.854127
60	-5.646075	-6.531441	-6.441268	-6.285348	-4.918334
61	-5.592733	-6.549794	-6.445605	-6.293817	-4.980366
62	-5.541187	-6.557745	-6.437922	-6.296599	-5.040921
63	-5.490139	-6.558163	-6.424594	-6.296271	-5.100615
64	-5.437741	-6.553482	-6.409141	-6.296712	-5.160029
65	-5.382889	-6.546641	-6.390091	-6.302046	-5.219607
66	-5.324877	-6.540931	-6.364992	-6.314825	-5.279315
67	-5.262820	-6.538209	-6.334413	-6.334136	-5.338019
68	-5.196044	-6.536159	-6.302498	-6.356339	-5.393683
69	-5.124872	-6.528693	-6.273263	-6.377799	-5.444450
70	-5.051503	-6.510581	-6.246469	-6.395384	-5.488308
71	-4.979739	-6.480092	-6.220356	-6.405472	-5.522475
72	-4.913086	-6.437988	-6.195467	-6.404165	-5.542602
73	-4.853343	-6.386293	-6.174485	-6.387820	-5.541761
74	-4.801544	-6.327029	-6.159214	-6.354508	-5.513449
75	-4.759110	-6.260629	-6.148849	-6.304956	-5.456096
76	-4.726583	-6.186009	-6.140839	-6.240971	-5.374629
77	-4.701588	-6.101577	-6.129089	-6.164307	-5.278762
78	-4.677143	-6.005546	-6.104669	-6.076711	-5.177250
79	-4.644379	-5.896651	-6.061903	-5.979594	-5.073831
80	-4.597918	-5.775009	-6.000105	-5.872611	-4.968571
81	-4.537965	-5.642065	-5.920676	-5.753788	-4.860048
82	-4.467431	-5.499493	-5.825188	-5.622051	-4.746902
83	-4.386989	-5.347841	-5.715126	-5.478501	-4.627300
84	-4.293814	-5.186808	-5.591876	-5.324559	-4.498305
85	-4.185531	-5.016373	-5.456994	-5.160891	-4.356577
86	-4.061589	-4.837816	-5.312596	-4.987538	-4.200419
87	-3.921735	-4.653499	-5.160699	-4.803844	-4.030330
88	-3.765562	-4.465570	-5.002413	-4.608686	-3.847532
89	-3.593762	-4.275093	-4.837714	-4.399842	-3.653076
90	-3.407580	-4.081590	-4.665358	-4.174369	-3.447370
91	-3.207643	-3.883046	-4.482777	-3.929624	-3.230054
92	-2.993245	-3.676063	-4.287072	-3.664625	-3.000412
93	-2.762758	-3.457450	-4.076109	-3.380081	-2.756602
94	-2.515502	-3.225657	-3.848290	-3.077005	-2.496613
95	-2.253527	-2.979527	-3.602288	-2.755346	-2.219825
96	-1.979056	-2.717359	-3.337027	-2.414707	-1.926960
97	-1.690599	-2.436742	-3.052118	-2.055862	-1.619908
98	-1.383829	-2.136157	-2.748642	-1.682061	-1.300702
99	-1.056048	-1.817867	-2.429449	-1.297817	-0.969986
100	-0.709370	-1.487833	-2.098479	-0.907476	-0.628982
101	-0.350964	-1.151834	-1.760463	-0.515058	-0.281832