	Z:\Projects\CMB_innosuisse_shoe_oa\project_only\Multi-segment foot marker set project\Data\V3D_new processing\S08\WW\S07_WW-L-0_G_01.c3d	Z:\Projects\CMB_innosuisse_shoe_oa\project_only\Multi-segment foot marker set project\Data\V3D_new processing\S08\WW\S07_WW-L-0_G_01.c3d	Z:\Projects\CMB_innosuisse_shoe_oa\project_only\Multi-segment foot marker set project\Data\V3D_new processing\S08\WW\S07_WW-L-0_G_01.c3d	Z:\Projects\CMB_innosuisse_shoe_oa\project_only\Multi-segment foot marker set project\Data\V3D_new processing\S08\WW\S07_WW-L-0_G_01.c3d	Z:\Projects\CMB_innosuisse_shoe_oa\project_only\Multi-segment foot marker set project\Data\V3D_new processing\S08\WW\S07_WW-L-0_G_01.c3d
	Right_HFSHK_Angle	Right_HFSHK_Angle	Right_HFSHK_Angle	Right_HFSHK_Angle	Right_HFSHK_Angle
	LINK_MODEL_BASED	LINK_MODEL_BASED	LINK_MODEL_BASED	LINK_MODEL_BASED	LINK_MODEL_BASED
	ORIGINAL	ORIGINAL	ORIGINAL	ORIGINAL	ORIGINAL
ITEM	Y	Y	Y	Y	Y
1	-2.335144	-2.943322	-2.140464	-2.681552	-2.973140
2	-2.990473	-3.618550	-2.918748	-3.239811	-3.437399
3	-3.500803	-4.160323	-3.561037	-3.665090	-3.781194
4	-3.863222	-4.561727	-4.055404	-3.960584	-4.011058
5	-4.087502	-4.822390	-4.397489	-4.138122	-4.140172
6	-4.190052	-4.947121	-4.590790	-4.216022	-4.186197
7	-4.190845	-4.948732	-4.648214	-4.215978	-4.168560
8	-4.114592	-4.850772	-4.592758	-4.159556	-4.106433
9	-3.989521	-4.686677	-4.455763	-4.066802	-4.017882
10	-3.841786	-4.492332	-4.272895	-3.956076	-3.918377
11	-3.692023	-4.296900	-4.080175	-3.842838	-3.819196
12	-3.553912	-4.117852	-3.907738	-3.737413	-3.727550
13	-3.433983	-3.962646	-3.772301	-3.644549	-3.648523
14	-3.333746	-3.833617	-3.675393	-3.564587	-3.586533
15	-3.253139	-3.731035	-3.610398	-3.494143	-3.544410
16	-3.192607	-3.654654	-3.570984	-3.428454	-3.521759
17	-3.153362	-3.604308	-3.554166	-3.365127	-3.514485
18	-3.136947	-3.577317	-3.558367	-3.305284	-3.516261
19	-3.143370	-3.566486	-3.580055	-3.252315	-3.521069
20	-3.168894	-3.565283	-3.613445	-3.211106	-3.525185
21	-3.206230	-3.572159	-3.652781	-3.186072	-3.528341
22	-3.248153	-3.586041	-3.693785	-3.178134	-3.533450
23	-3.291238	-3.604498	-3.734757	-3.184640	-3.543601
24	-3.336879	-3.626709	-3.777389	-3.201873	-3.559872
25	-3.389716	-3.651756	-3.824233	-3.227295	-3.582162
26	-3.453352	-3.675195	-3.874614	-3.258711	-3.608814
27	-3.526425	-3.688893	-3.924361	-3.292756	-3.635288
28	-3.603415	-3.685390	-3.969048	-3.325577	-3.655955
29	-3.678323	-3.662366	-4.005871	-3.354563	-3.667396
30	-3.747586	-3.623469	-4.032804	-3.378414	-3.669428
31	-3.811626	-3.575391	-4.046225	-3.396343	-3.663872
32	-3.874058	-3.523203	-4.042107	-3.408720	-3.653181
33	-3.938424	-3.468993	-4.020927	-3.416979	-3.639730
34	-4.006160	-3.414022	-3.988647	-3.422194	-3.626222
35	-4.076872	-3.359332	-3.954888	-3.425092	-3.616934
36	-4.147392	-3.303643	-3.929856	-3.426877	-3.616308
37	-4.211776	-3.244609	-3.919215	-3.428854	-3.625476
38	-4.265155	-3.181471	-3.922210	-3.431739	-3.642437
39	-4.306622	-3.113957	-3.934156	-3.436466	-3.663971
40	-4.338079	-3.041032	-3.949787	-3.444339	-3.685514
41	-4.360463	-2.962423	-3.963116	-3.454794	-3.700418
42	-4.373087	-2.880213	-3.965602	-3.463568	-3.700067
43	-4.375881	-2.798252	-3.947101	-3.462064	-3.675366
44	-4.368939	-2.717340	-3.898145	-3.438930	-3.619289
45	-4.350881	-2.632658	-3.814997	-3.384526	-3.529053
46	-4.320839	-2.541489	-3.703975	-3.297166	-3.408082
47	-4.281355	-2.449817	-3.577629	-3.188323	-3.267467
48	-4.237877	-2.368919	-3.448326	-3.079094	-3.123641
49	-4.198315	-2.312186	-3.329144	-2.990094	-2.995919
50	-4.174712	-2.298616	-3.239058	-2.938701	-2.911432
51	-4.179047	-2.350480	-3.200142	-2.941347	-2.901275
52	-4.213068	-2.474570	-3.222432	-3.004569	-2.973679
53	-4.267899	-2.648268	-3.292404	-3.111308	-3.099489
54	-4.332498	-2.836427	-3.383818	-3.228943	-3.235986
55	-4.397768	-3.016137	-3.474318	-3.330605	-3.353370
56	-4.456554	-3.178554	-3.548086	-3.402965	-3.437942
57	-4.504210	-3.321628	-3.596143	-3.443480	-3.487519
58	-4.538807	-3.447457	-3.618787	-3.456856	-3.507642
59	-4.559773	-3.559758	-3.623869	-3.451057	-3.506995
60	-4.566218	-3.661006	-3.621485	-3.434525	-3.494576
61	-4.557025	-3.752866	-3.619934	-3.415040	-3.478316
62	-4.532211	-3.837487	-3.623650	-3.397492	-3.463780
63	-4.493253	-3.915720	-3.632410	-3.382897	-3.453595
64	-4.441881	-3.985017	-3.642973	-3.370005	-3.447004
65	-4.379117	-4.041110	-3.650710	-3.356879	-3.440791
66	-4.305789	-4.081868	-3.651450	-3.340966	-3.431525
67	-4.223142	-4.107888	-3.643798	-3.318697	-3.416770
68	-4.132797	-4.120554	-3.628208	-3.286298	-3.394851
69	-4.036442	-4.121020	-3.603225	-3.241094	-3.365062
70	-3.935044	-4.110316	-3.565040	-3.181762	-3.327925
71	-3.828054	-4.088861	-3.511011	-3.108020	-3.283647
72	-3.714155	-4.054707	-3.441950	-3.021066	-3.230865
73	-3.592393	-4.004066	-3.360723	-2.923836	-3.167820
74	-3.461646	-3.934350	-3.269577	-2.819966	-3.093805
75	-3.320158	-3.845215	-3.169971	-2.712156	-3.009270
76	-3.166158	-3.737711	-3.063615	-2.601604	-2.915156
77	-2.998356	-3.613510	-2.952330	-2.488278	-2.811485
78	-2.816698	-3.474268	-2.837360	-2.371182	-2.696609
79	-2.622687	-3.320782	-2.719232	-2.249030	-2.568638
80	-2.419194	-3.152086	-2.597465	-2.120800	-2.427048
81	-2.209535	-2.965645	-2.470076	-1.985714	-2.272553
82	-1.996463	-2.759335	-2.334040	-1.842702	-2.106148
83	-1.781814	-2.533216	-2.185609	-1.689474	-1.928398
84	-1.565617	-2.288874	-2.020797	-1.522542	-1.739717
85	-1.345888	-2.026071	-1.835561	-1.337678	-1.540701
86	-1.118954	-1.741337	-1.625816	-1.130818	-1.331823
87	-0.881038	-1.431371	-1.388037	-0.898372	-1.112821
88	-0.629611	-1.094345	-1.120358	-0.637765	-0.882695
89	-0.363217	-0.727580	-0.822465	-0.347825	-0.640039
90	-0.080722	-0.327820	-0.494749	-0.029293	-0.382792
91	0.219246	0.106175	-0.137858	0.315776	-0.107024
92	0.538303	0.572186	0.246936	0.685319	0.193139
93	0.878555	1.065458	0.657536	1.077895	0.523397
94	1.242276	1.581888	1.091009	1.492501	0.887345
95	1.631439	2.118469	1.543138	1.927534	1.285547
96	2.046499	2.669640	2.008852	2.379323	1.715358
97	2.485708	3.225585	2.481914	2.841768	2.171629
98	2.944519	3.775780	2.955011	3.306911	2.647651
99	3.415162	4.306593	3.422913	3.769482	3.135539
100	3.891544	4.805722	3.882381	4.225891	3.626525
101	4.367109	5.264190	4.333830	4.670974	4.109735