	Z:\Projects\CMB_innosuisse_shoe_oa\project_only\Multi-segment foot marker set project\Data\V3D_new processing\S08\WOW\S07_WOW-L-R_G_01.c3d	Z:\Projects\CMB_innosuisse_shoe_oa\project_only\Multi-segment foot marker set project\Data\V3D_new processing\S08\WOW\S07_WOW-L-R_G_01.c3d	Z:\Projects\CMB_innosuisse_shoe_oa\project_only\Multi-segment foot marker set project\Data\V3D_new processing\S08\WOW\S07_WOW-L-R_G_01.c3d	Z:\Projects\CMB_innosuisse_shoe_oa\project_only\Multi-segment foot marker set project\Data\V3D_new processing\S08\WOW\S07_WOW-L-R_G_01.c3d	Z:\Projects\CMB_innosuisse_shoe_oa\project_only\Multi-segment foot marker set project\Data\V3D_new processing\S08\WOW\S07_WOW-L-R_G_01.c3d
	Right_HFSHK_Angle	Right_HFSHK_Angle	Right_HFSHK_Angle	Right_HFSHK_Angle	Right_HFSHK_Angle
	LINK_MODEL_BASED	LINK_MODEL_BASED	LINK_MODEL_BASED	LINK_MODEL_BASED	LINK_MODEL_BASED
	ORIGINAL	ORIGINAL	ORIGINAL	ORIGINAL	ORIGINAL
ITEM	Y	Y	Y	Y	Y
1	-0.602117	-1.819370	-1.220019	-0.721643	-1.160000
2	-1.262245	-2.579095	-2.118815	-1.410880	-1.800225
3	-1.813354	-3.183270	-2.857411	-2.013777	-2.310613
4	-2.247285	-3.620768	-3.414627	-2.505577	-2.681756
5	-2.569226	-3.898160	-3.790252	-2.870305	-2.925378
6	-2.794317	-4.033747	-4.000862	-3.105375	-3.063044
7	-2.942444	-4.052565	-4.073940	-3.222271	-3.117606
8	-3.031677	-3.982281	-4.040002	-3.241517	-3.109730
9	-3.074134	-3.849803	-3.927369	-3.186479	-3.057232
10	-3.076308	-3.678589	-3.761144	-3.079419	-2.975564
11	-3.039762	-3.487321	-3.563477	-2.940352	-2.877147
12	-2.962941	-3.290551	-3.353796	-2.786779	-2.770144
13	-2.846585	-3.098988	-3.148052	-2.632344	-2.660170
14	-2.697337	-2.919137	-2.957412	-2.486476	-2.553268
15	-2.527411	-2.754535	-2.788824	-2.356266	-2.456789
16	-2.352123	-2.608134	-2.646654	-2.247375	-2.377791
17	-2.186434	-2.482776	-2.533905	-2.162820	-2.320038
18	-2.042039	-2.380514	-2.452736	-2.101976	-2.282987
19	-1.925688	-2.302433	-2.404047	-2.062126	-2.263028
20	-1.839079	-2.248516	-2.386118	-2.040810	-2.255332
21	-1.780356	-2.216844	-2.394920	-2.035548	-2.255432
22	-1.745941	-2.203588	-2.425668	-2.042534	-2.260061
23	-1.731308	-2.203923	-2.473406	-2.056855	-2.267174
24	-1.731257	-2.213247	-2.533099	-2.073628	-2.275582
25	-1.740784	-2.228782	-2.600056	-2.088562	-2.284093
26	-1.755228	-2.250324	-2.670027	-2.097857	-2.291322
27	-1.770046	-2.278297	-2.738689	-2.098444	-2.295384
28	-1.781010	-2.311244	-2.800812	-2.088826	-2.293252
29	-1.784983	-2.344992	-2.850308	-2.069821	-2.281373
30	-1.780924	-2.372783	-2.882087	-2.045009	-2.257474
31	-1.770530	-2.386926	-2.894958	-2.019657	-2.222073
32	-1.757291	-2.382815	-2.892796	-1.998233	-2.178337
33	-1.744110	-2.362239	-2.882680	-1.982929	-2.130290
34	-1.733181	-2.332151	-2.871764	-1.973463	-2.081205
35	-1.726706	-2.300066	-2.865855	-1.967776	-2.033621
36	-1.726484	-2.271635	-2.868962	-1.963620	-1.990327
37	-1.734108	-2.250927	-2.882780	-1.959615	-1.954041
38	-1.750160	-2.240698	-2.906542	-1.955086	-1.925276
39	-1.772238	-2.241933	-2.936655	-1.949425	-1.901285
40	-1.795529	-2.253707	-2.966989	-1.941520	-1.876729
41	-1.814418	-2.272686	-2.990414	-1.929206	-1.844766
42	-1.822920	-2.291262	-3.001335	-1.908376	-1.800108
43	-1.815256	-2.297877	-2.998302	-1.873807	-1.744128
44	-1.789090	-2.281893	-2.985566	-1.824305	-1.685593
45	-1.750193	-2.238456	-2.972015	-1.767320	-1.636703
46	-1.711655	-2.171767	-2.966511	-1.716282	-1.609288
47	-1.687105	-2.094602	-2.975581	-1.683941	-1.610154
48	-1.686387	-2.022357	-3.004865	-1.678985	-1.639059
49	-1.714424	-1.969466	-3.057615	-1.705636	-1.691094
50	-1.768854	-1.947986	-3.129559	-1.762583	-1.757688
51	-1.839380	-1.961189	-3.209683	-1.841229	-1.829516
52	-1.914168	-2.000627	-3.288297	-1.928862	-1.900488
53	-1.986366	-2.052838	-3.361037	-2.015372	-1.967743
54	-2.054154	-2.106762	-3.426621	-2.095392	-2.029857
55	-2.118156	-2.155563	-3.484782	-2.166712	-2.086120
56	-2.179879	-2.196188	-3.536011	-2.229638	-2.136647
57	-2.241028	-2.228552	-3.581362	-2.286017	-2.181491
58	-2.301736	-2.253909	-3.621621	-2.337297	-2.219920
59	-2.359683	-2.273181	-3.656636	-2.383704	-2.250065
60	-2.412711	-2.286396	-3.685696	-2.425564	-2.268632
61	-2.460608	-2.293995	-3.707587	-2.463569	-2.273072
62	-2.503329	-2.297487	-3.720390	-2.497299	-2.264391
63	-2.540063	-2.297866	-3.722523	-2.525478	-2.245758
64	-2.570590	-2.294646	-3.713589	-2.547524	-2.220133
65	-2.595509	-2.286390	-3.693865	-2.563469	-2.189513
66	-2.614896	-2.271644	-3.663768	-2.573620	-2.154411
67	-2.627514	-2.249459	-3.624281	-2.578762	-2.113780
68	-2.630930	-2.219433	-3.576694	-2.580018	-2.065269
69	-2.622487	-2.181405	-3.521304	-2.578590	-2.005902
70	-2.600416	-2.135095	-3.456859	-2.574993	-1.933610
71	-2.563865	-2.079822	-3.381226	-2.567653	-1.847383
72	-2.511988	-2.014812	-3.291927	-2.552847	-1.745964
73	-2.444113	-1.939848	-3.186397	-2.526132	-1.628380
74	-2.359943	-1.855407	-3.062774	-2.483813	-1.495474
75	-2.259509	-1.762440	-2.920471	-2.423950	-1.349757
76	-2.143013	-1.661605	-2.760292	-2.346659	-1.193386
77	-2.010908	-1.552378	-2.584019	-2.252781	-1.026466
78	-1.863746	-1.433017	-2.393374	-2.142189	-0.847655
79	-1.701759	-1.301193	-2.189498	-2.014117	-0.655475
80	-1.524327	-1.154994	-1.973569	-1.868261	-0.448917
81	-1.329645	-0.993024	-1.746909	-1.704384	-0.227113
82	-1.115548	-0.813570	-1.510307	-1.521572	0.011117
83	-0.881160	-0.614043	-1.263815	-1.318270	0.266123
84	-0.627481	-0.391271	-1.006987	-1.093200	0.537183
85	-0.356581	-0.142800	-0.738811	-0.846724	0.824579
86	-0.070357	0.132223	-0.457610	-0.580732	1.130491
87	0.230547	0.433541	-0.160733	-0.296491	1.457762
88	0.546919	0.760460	0.155905	0.006798	1.809361
89	0.880940	1.112709	0.497415	0.331330	2.187828
90	1.235916	1.490669	0.868686	0.679773	2.594423
91	1.615682	1.894792	1.273690	1.055256	3.028693
92	2.023810	2.325392	1.714825	1.460502	3.488153
93	2.462893	2.782976	2.191859	1.897034	3.968320
94	2.933844	3.266846	2.700854	2.364809	4.463380
95	3.433949	3.773256	3.234018	2.861799	4.967067
96	3.955490	4.294958	3.780299	3.383705	5.473600
97	4.486355	4.822433	4.326555	3.924474	5.978474
98	5.011709	5.344773	4.858893	4.476943	6.478797
99	5.516776	5.850675	5.363668	5.032415	6.972331
100	5.989921	6.329396	5.828705	5.579496	7.454265
101	6.422757	6.771145	6.244805	6.103742	7.914957