	Z:\Projects\CMB_innosuisse_shoe_oa\project_only\Multi-segment foot marker set project\Data\V3D_new processing\S08\WOW\S07_WOW-L-nR_G_01.c3d	Z:\Projects\CMB_innosuisse_shoe_oa\project_only\Multi-segment foot marker set project\Data\V3D_new processing\S08\WOW\S07_WOW-L-nR_G_01.c3d	Z:\Projects\CMB_innosuisse_shoe_oa\project_only\Multi-segment foot marker set project\Data\V3D_new processing\S08\WOW\S07_WOW-L-nR_G_01.c3d	Z:\Projects\CMB_innosuisse_shoe_oa\project_only\Multi-segment foot marker set project\Data\V3D_new processing\S08\WOW\S07_WOW-L-nR_G_01.c3d	Z:\Projects\CMB_innosuisse_shoe_oa\project_only\Multi-segment foot marker set project\Data\V3D_new processing\S08\WOW\S07_WOW-L-nR_G_01.c3d
	Right_HFSHK_Angle	Right_HFSHK_Angle	Right_HFSHK_Angle	Right_HFSHK_Angle	Right_HFSHK_Angle
	LINK_MODEL_BASED	LINK_MODEL_BASED	LINK_MODEL_BASED	LINK_MODEL_BASED	LINK_MODEL_BASED
	ORIGINAL	ORIGINAL	ORIGINAL	ORIGINAL	ORIGINAL
ITEM	Y	Y	Y	Y	Y
1	1.184650	1.498048	-0.169219	0.674031	0.760372
2	0.220818	0.658960	-1.067063	0.138498	-0.152050
3	-0.607002	-0.057962	-1.796643	-0.274872	-0.929898
4	-1.268737	-0.619339	-2.339201	-0.567839	-1.532606
5	-1.754299	-1.016267	-2.699378	-0.755195	-1.950984
6	-2.071078	-1.260036	-2.898441	-0.857122	-2.202614
7	-2.239200	-1.374772	-2.966439	-0.891774	-2.320825
8	-2.285690	-1.389353	-2.935508	-0.872626	-2.343352
9	-2.239206	-1.331699	-2.836031	-0.810351	-2.303694
10	-2.126869	-1.225494	-2.695179	-0.715306	-2.227522
11	-1.972479	-1.088627	-2.535653	-0.597927	-2.130291
12	-1.795436	-0.933516	-2.374358	-0.466656	-2.016996
13	-1.610518	-0.769241	-2.221550	-0.327288	-1.886891
14	-1.428459	-0.603718	-2.081547	-0.184747	-1.740025
15	-1.257058	-0.444487	-1.955871	-0.043657	-1.581223
16	-1.102071	-0.298561	-1.845942	0.091911	-1.419511
17	-0.967872	-0.171306	-1.752750	0.218611	-1.264843
18	-0.857431	-0.065792	-1.675745	0.333555	-1.126149
19	-0.771933	0.016205	-1.613281	0.433557	-1.010661
20	-0.711044	0.073361	-1.563491	0.515925	-0.923675
21	-0.673313	0.105036	-1.524681	0.579463	-0.868677
22	-0.656402	0.111349	-1.495665	0.623916	-0.847038
23	-0.657196	0.093252	-1.475603	0.649473	-0.857442
24	-0.672135	0.053320	-1.463484	0.657176	-0.895051
25	-0.697945	-0.003379	-1.457664	0.649586	-0.951589
26	-0.732254	-0.070141	-1.455836	0.630791	-1.017646
27	-0.773553	-0.139937	-1.455051	0.605513	-1.085015
28	-0.820243	-0.205778	-1.452257	0.577507	-1.147218
29	-0.869696	-0.262287	-1.445445	0.548089	-1.199343
30	-0.919005	-0.306922	-1.434691	0.516633	-1.238697
31	-0.966038	-0.339494	-1.422051	0.482343	-1.265381
32	-1.008978	-0.362580	-1.410364	0.445794	-1.281215
33	-1.045795	-0.380299	-1.402263	0.409634	-1.287571
34	-1.075310	-0.396110	-1.399321	0.377528	-1.285299
35	-1.098028	-0.412552	-1.400895	0.352439	-1.276009
36	-1.116245	-0.431619	-1.405154	0.336151	-1.262111
37	-1.134118	-0.454417	-1.410829	0.329113	-1.245478
38	-1.155203	-0.481095	-1.417089	0.330516	-1.227001
39	-1.178507	-0.510812	-1.422962	0.340012	-1.206666
40	-1.198758	-0.541126	-1.426877	0.358207	-1.182778
41	-1.210954	-0.567964	-1.426361	0.385822	-1.151907
42	-1.212852	-0.586943	-1.417834	0.423131	-1.109629
43	-1.204053	-0.595473	-1.397513	0.467423	-1.053663
44	-1.184496	-0.594642	-1.365297	0.510499	-0.989547
45	-1.154182	-0.590249	-1.328075	0.541891	-0.930131
46	-1.114793	-0.591384	-1.297075	0.553766	-0.888630
47	-1.072434	-0.606046	-1.283224	0.541290	-0.875494
48	-1.037294	-0.638613	-1.294936	0.502544	-0.898717
49	-1.018575	-0.691680	-1.336214	0.441939	-0.961582
50	-1.022380	-0.765145	-1.403751	0.370110	-1.058446
51	-1.054226	-0.853821	-1.488064	0.296950	-1.175218
52	-1.117301	-0.950329	-1.579777	0.227229	-1.295732
53	-1.207774	-1.048840	-1.673263	0.161854	-1.407418
54	-1.315029	-1.146408	-1.765478	0.100127	-1.503985
55	-1.427544	-1.242202	-1.854493	0.041733	-1.585121
56	-1.537897	-1.335960	-1.938284	-0.012236	-1.652767
57	-1.643415	-1.427551	-2.014130	-0.059551	-1.708127
58	-1.744691	-1.516245	-2.079112	-0.097809	-1.751204
59	-1.843617	-1.600829	-2.132055	-0.125796	-1.780944
60	-1.942104	-1.681338	-2.175308	-0.144321	-1.795758
61	-2.041468	-1.758431	-2.213210	-0.155576	-1.794965
62	-2.141962	-1.831235	-2.248299	-0.162146	-1.779717
63	-2.242291	-1.898194	-2.280227	-0.166566	-1.752121
64	-2.339114	-1.959222	-2.307623	-0.170500	-1.714298
65	-2.428301	-2.015143	-2.329433	-0.174023	-1.668823
66	-2.507282	-2.065808	-2.344701	-0.176090	-1.618776
67	-2.575377	-2.109930	-2.352231	-0.175366	-1.565985
68	-2.632625	-2.146265	-2.350822	-0.170824	-1.509569
69	-2.678561	-2.174314	-2.339419	-0.161898	-1.446883
70	-2.712210	-2.193349	-2.316378	-0.148632	-1.375446
71	-2.732991	-2.201410	-2.278997	-0.131966	-1.293393
72	-2.740832	-2.196010	-2.223755	-0.113026	-1.198847
73	-2.735232	-2.174904	-2.147355	-0.092011	-1.089749
74	-2.714958	-2.136114	-2.047450	-0.067582	-0.964930
75	-2.678308	-2.078212	-1.923003	-0.036494	-0.824233
76	-2.623159	-1.999827	-1.774416	0.006717	-0.667664
77	-2.547627	-1.898872	-1.603567	0.069835	-0.495196
78	-2.450904	-1.773299	-1.413117	0.161594	-0.307306
79	-2.333098	-1.622114	-1.205899	0.288297	-0.104908
80	-2.195003	-1.445845	-0.984749	0.451472	0.111090
81	-2.037811	-1.246696	-0.751654	0.647989	0.340183
82	-1.862295	-1.027874	-0.507018	0.872028	0.582579
83	-1.667954	-0.792638	-0.250322	1.117186	0.839154
84	-1.453307	-0.544021	0.019248	1.377402	1.111669
85	-1.216879	-0.283828	0.302724	1.647752	1.402969
86	-0.957464	-0.010612	0.601612	1.925939	1.716354
87	-0.674148	0.280462	0.917652	2.214037	2.054323
88	-0.366132	0.595843	1.252568	2.517252	2.418483
89	-0.032339	0.942084	1.608565	2.840805	2.810327
90	0.328569	1.324602	1.988350	3.188752	3.231498
91	0.718134	1.746538	2.394533	3.564226	3.682772
92	1.137968	2.208417	2.829154	3.968913	4.162859
93	1.589712	2.708123	3.293126	4.402061	4.667979
94	2.074648	3.240629	3.785130	4.860047	5.192755
95	2.593144	3.798800	4.301003	5.336713	5.730855
96	3.143817	4.373720	4.834425	5.823892	6.274449
97	3.722418	4.953411	5.377752	6.312403	6.814115
98	4.320539	5.522236	5.922430	6.792683	7.339692
99	4.925343	6.061575	6.458478	7.254445	7.841304
100	5.520325	6.551233	6.973823	7.687057	8.311307
101	6.087242	6.970923	7.456005	8.080554	8.745721